# Time: 2021-09-17 04:32:30.199000
# Computer: 686DR2
# Program commandline: ['console_DE_v4.py', '-att', '31', '-daqloop', '10', '-wl', '1540']
# cwd: C:\Python\de_v3
#
#  NIST Detector:  SMA0
#
# Config
# {'ch': 0, 'sw_pm': 1, 'skip_zero': False, 'measure_cmax': False, 'target_att': 31.0, 'both_pol': False, 'daqloop': 10, 'basefilename': 'C:\\Users\\qittlab/Documents/686DR2/2021_09_17/04_32.dat', 'bias_dict': [0.3, 0.7, 0.01, 0.5], 'take_darks': True, 'use_att': -1, 'cmax_stop': 12.0, 'thresh': 0.5, 'wavelength': 1540, 'readings': 5, 'hysteresis_ch': 4, 'wait_for_att': 3, 'cmax_num': 5, 'use_comparator': True, 'd': 0, 'nocal': False, 'initial_range': 0, 'use_config_att': False, 'thresh_ch': 3, 'sw_det': 2, 'cmax_vstart': 0.4, 'cmax_start': 34.0, 'hysteresis': 4.0, 'max_pol': True, 'counter_time': 1, 'target_rate': 400000, 'nopol': False}
#
#  Dark counts
##########
# scan bias
# case: 10
##########
# Voltage source
##########
# Voltage meter
# Keithley199 dmm; addr: 8
##########
# Counter
# Counter is SR400, gpib: 23
# Counter threshold is -0.3
# Counter slope (0:+, 1:-) is 1.0
# channel: 0
#  time: 1.000000e+00
#####
#  time, vbias, vdmm, thresh, counts
1631874768.93 0.300 2.946e-03 -0.300          0
1631874770.34 0.300 3.338e-03 -0.300          0
1631874771.74 0.300 3.315e-03 -0.300          0
1631874773.16 0.300 3.355e-03 -0.300          0
1631874774.59 0.300 3.347e-03 -0.300          0
1631874775.99 0.300 3.328e-03 -0.300          0
1631874777.40 0.300 3.352e-03 -0.300          0
1631874778.83 0.300 3.341e-03 -0.300          0
1631874780.24 0.300 3.350e-03 -0.300          0
1631874781.65 0.300 3.324e-03 -0.300          0
1631874783.08 0.310 3.348e-03 -0.300          0
1631874784.48 0.310 3.345e-03 -0.300          0
1631874785.88 0.310 3.346e-03 -0.300          0
1631874787.30 0.310 3.360e-03 -0.300          0
1631874788.72 0.310 3.366e-03 -0.300          0
1631874790.12 0.310 3.349e-03 -0.300          0
1631874791.54 0.310 3.343e-03 -0.300          0
1631874792.96 0.310 3.336e-03 -0.300          0
1631874794.38 0.310 3.348e-03 -0.300          0
1631874795.78 0.310 3.348e-03 -0.300          0
1631874797.20 0.320 3.360e-03 -0.300          0
1631874798.62 0.320 3.365e-03 -0.300          0
1631874800.02 0.320 3.367e-03 -0.300          0
1631874801.43 0.320 3.373e-03 -0.300          0
1631874802.85 0.320 3.370e-03 -0.300          0
1631874804.26 0.320 3.358e-03 -0.300          0
1631874805.67 0.320 3.357e-03 -0.300          0
1631874807.09 0.320 3.361e-03 -0.300          0
1631874808.50 0.320 3.359e-03 -0.300          0
1631874809.90 0.320 3.361e-03 -0.300          0
1631874811.33 0.330 3.365e-03 -0.300          0
1631874812.75 0.330 3.369e-03 -0.300          0
1631874814.15 0.330 3.368e-03 -0.300          0
1631874815.57 0.330 3.360e-03 -0.300          0
1631874816.97 0.330 3.371e-03 -0.300          0
1631874818.39 0.330 3.377e-03 -0.300          0
1631874819.79 0.330 3.366e-03 -0.300          0
1631874821.21 0.330 3.368e-03 -0.300          0
1631874822.64 0.330 3.382e-03 -0.300          0
1631874824.04 0.330 3.389e-03 -0.300          0
1631874825.45 0.340 3.373e-03 -0.300          0
1631874826.88 0.340 3.388e-03 -0.300          0
1631874828.29 0.340 3.381e-03 -0.300          0
1631874829.69 0.340 3.387e-03 -0.300          0
1631874831.10 0.340 3.386e-03 -0.300          0
1631874832.51 0.340 3.386e-03 -0.300          0
1631874833.91 0.340 3.380e-03 -0.300          0
1631874835.32 0.340 3.375e-03 -0.300          0
1631874836.75 0.340 3.397e-03 -0.300          0
1631874838.15 0.340 3.395e-03 -0.300          0
1631874839.57 0.350 3.407e-03 -0.300          0
1631874840.99 0.350 3.387e-03 -0.300          0
1631874842.41 0.350 3.401e-03 -0.300          0
1631874843.82 0.350 3.399e-03 -0.300          0
1631874845.22 0.350 3.396e-03 -0.300          1
1631874846.63 0.350 3.398e-03 -0.300          0
1631874848.03 0.350 3.402e-03 -0.300          0
1631874849.44 0.350 3.399e-03 -0.300          0
1631874850.87 0.350 3.400e-03 -0.300          0
1631874852.28 0.350 3.404e-03 -0.300          0
1631874853.68 0.360 3.413e-03 -0.300          0
1631874855.10 0.360 3.428e-03 -0.300          0
1631874856.50 0.360 3.415e-03 -0.300          0
1631874857.91 0.360 3.412e-03 -0.300          0
1631874859.33 0.360 3.417e-03 -0.300          1
1631874860.75 0.360 3.415e-03 -0.300          1
1631874862.15 0.360 3.397e-03 -0.300          0
1631874863.57 0.360 3.419e-03 -0.300          0
1631874864.98 0.360 3.450e-03 -0.300          0
1631874866.39 0.360 3.433e-03 -0.300          0
1631874867.80 0.370 3.414e-03 -0.300          3
1631874869.21 0.370 3.438e-03 -0.300          1
1631874870.62 0.370 3.452e-03 -0.300          1
1631874872.03 0.370 3.448e-03 -0.300          2
1631874873.43 0.370 3.427e-03 -0.300          2
1631874874.86 0.370 3.451e-03 -0.300          2
1631874876.27 0.370 3.432e-03 -0.300          0
1631874877.67 0.370 3.413e-03 -0.300          1
1631874879.09 0.370 3.425e-03 -0.300          2
1631874880.51 0.370 3.435e-03 -0.300          2
1631874881.91 0.380 3.453e-03 -0.300          6
1631874883.33 0.380 3.420e-03 -0.300         12
1631874884.76 0.380 3.449e-03 -0.300         10
1631874886.17 0.380 3.455e-03 -0.300         11
1631874887.58 0.380 3.435e-03 -0.300         11
1631874889.00 0.380 3.451e-03 -0.300          9
1631874890.42 0.380 3.438e-03 -0.300          6
1631874891.82 0.380 3.440e-03 -0.300          9
1631874893.24 0.380 3.441e-03 -0.300          9
1631874894.66 0.380 3.445e-03 -0.300          8
1631874896.07 0.390 3.443e-03 -0.300         35
1631874897.48 0.390 3.452e-03 -0.300         38
1631874898.91 0.390 3.452e-03 -0.300         27
1631874900.32 0.390 3.456e-03 -0.300         40
1631874901.72 0.390 3.462e-03 -0.300         35
1631874903.14 0.390 3.451e-03 -0.300         36
1631874904.55 0.390 3.450e-03 -0.300         39
1631874905.95 0.390 3.455e-03 -0.300         21
1631874907.37 0.390 3.464e-03 -0.300         29
1631874908.79 0.390 3.445e-03 -0.300         28
1631874910.20 0.400 3.453e-03 -0.300         96
1631874911.61 0.400 3.474e-03 -0.300         93
1631874913.03 0.400 3.478e-03 -0.300        100
1631874914.45 0.400 3.465e-03 -0.300         85
1631874915.86 0.400 3.466e-03 -0.300         91
1631874917.26 0.400 3.475e-03 -0.300         91
1631874918.68 0.400 3.468e-03 -0.300         82
1631874920.08 0.400 3.456e-03 -0.300         90
1631874921.49 0.400 3.460e-03 -0.300         92
1631874922.91 0.400 3.473e-03 -0.300         94
1631874924.32 0.410 3.479e-03 -0.300        215
1631874925.72 0.410 3.465e-03 -0.300        203
1631874927.14 0.410 3.485e-03 -0.300        212
1631874928.55 0.410 3.493e-03 -0.300        193
1631874929.95 0.410 3.474e-03 -0.300        194
1631874931.38 0.410 3.474e-03 -0.300        207
1631874932.80 0.410 3.475e-03 -0.300        213
1631874934.21 0.410 3.483e-03 -0.300        236
1631874935.61 0.410 3.478e-03 -0.300        178
1631874937.02 0.410 3.485e-03 -0.300        204
1631874938.43 0.420 3.485e-03 -0.300        328
1631874939.84 0.420 3.487e-03 -0.300        349
1631874941.26 0.420 3.475e-03 -0.300        332
1631874942.68 0.420 3.485e-03 -0.300        357
1631874944.09 0.420 3.508e-03 -0.300        364
1631874945.49 0.420 3.492e-03 -0.300        375
1631874946.92 0.420 3.477e-03 -0.300        340
1631874948.33 0.420 3.500e-03 -0.300        354
1631874949.73 0.420 3.504e-03 -0.300        375
1631874951.15 0.420 3.485e-03 -0.300        376
1631874952.56 0.430 3.484e-03 -0.300        489
1631874953.97 0.430 3.513e-03 -0.300        577
1631874955.37 0.430 3.506e-03 -0.300        470
1631874956.78 0.430 3.509e-03 -0.300        534
1631874958.19 0.430 3.504e-03 -0.300        526
1631874959.60 0.430 3.509e-03 -0.300        575
1631874961.01 0.430 3.498e-03 -0.300        530
1631874962.42 0.430 3.503e-03 -0.300        499
1631874963.83 0.430 3.507e-03 -0.300        549
1631874965.25 0.430 3.513e-03 -0.300        500
1631874966.67 0.440 3.521e-03 -0.300        728
1631874968.07 0.440 3.498e-03 -0.300        717
1631874969.48 0.440 3.505e-03 -0.300        720
1631874970.90 0.440 3.540e-03 -0.300        753
1631874972.31 0.440 3.523e-03 -0.300        724
1631874973.71 0.440 3.515e-03 -0.300        725
1631874975.12 0.440 3.515e-03 -0.300        712
1631874976.53 0.440 3.525e-03 -0.300        759
1631874977.93 0.440 3.531e-03 -0.300        735
1631874979.35 0.440 3.521e-03 -0.300        707
1631874980.78 0.450 3.545e-03 -0.300        998
1631874982.19 0.450 3.538e-03 -0.300       1073
1631874983.59 0.450 3.519e-03 -0.300       1039
1631874985.01 0.450 3.538e-03 -0.300       1030
1631874986.43 0.450 3.539e-03 -0.300       1062
1631874987.83 0.450 3.530e-03 -0.300       1016
1631874989.24 0.450 3.526e-03 -0.300       1093
1631874990.65 0.450 3.530e-03 -0.300       1009
1631874992.05 0.450 3.557e-03 -0.300       1057
1631874993.46 0.450 3.529e-03 -0.300       1051
1631874994.87 0.460 3.531e-03 -0.300       1613
1631874996.28 0.460 3.556e-03 -0.300       1524
1631874997.68 0.460 3.553e-03 -0.300       1544
1631874999.09 0.460 3.544e-03 -0.300       1529
1631875000.50 0.460 3.542e-03 -0.300       1580
1631875001.90 0.460 3.550e-03 -0.300       1487
1631875003.31 0.460 3.544e-03 -0.300       1544
1631875004.73 0.460 3.533e-03 -0.300       1499
1631875006.14 0.460 3.550e-03 -0.300       1570
1631875007.55 0.460 3.551e-03 -0.300       1607
1631875008.97 0.470 3.547e-03 -0.300       2328
1631875010.39 0.470 3.553e-03 -0.300       2319
1631875011.79 0.470 3.554e-03 -0.300       2424
1631875013.21 0.470 3.573e-03 -0.300       2320
1631875014.63 0.470 3.566e-03 -0.300       2225
1631875016.04 0.470 3.548e-03 -0.300       2318
1631875017.45 0.470 3.559e-03 -0.300       2362
1631875018.86 0.470 3.572e-03 -0.300       2402
1631875020.27 0.470 3.562e-03 -0.300       2381
1631875021.67 0.470 3.558e-03 -0.300       2291
1631875023.09 0.480 3.566e-03 -0.300       3560
1631875024.49 0.480 3.581e-03 -0.300       3474
1631875025.89 0.480 3.563e-03 -0.300       3522
1631875027.30 0.480 3.569e-03 -0.300       3623
1631875028.71 0.480 3.580e-03 -0.300       3467
1631875030.12 0.480 3.566e-03 -0.300       3580
1631875031.54 0.480 3.571e-03 -0.300       3548
1631875032.95 0.480 3.568e-03 -0.300       3490
1631875034.36 0.480 3.569e-03 -0.300       3480
1631875035.76 0.480 3.563e-03 -0.300       3613
1631875037.17 0.490 3.566e-03 -0.300       5233
1631875038.59 0.490 3.581e-03 -0.300       5177
1631875039.99 0.490 3.579e-03 -0.300       5272
1631875041.40 0.490 3.577e-03 -0.300       5260
1631875042.84 0.490 3.596e-03 -0.300       5258
1631875044.25 0.490 3.594e-03 -0.300       5191
1631875045.66 0.490 3.581e-03 -0.300       5315
1631875047.07 0.490 3.581e-03 -0.300       5262
1631875048.49 0.490 3.587e-03 -0.300       5260
1631875049.89 0.490 3.597e-03 -0.300       5283
1631875051.30 0.500 3.580e-03 -0.300       7680
1631875052.72 0.500 3.596e-03 -0.300       7594
1631875054.13 0.500 3.601e-03 -0.300       7725
1631875055.55 0.500 3.596e-03 -0.300       7413
1631875056.97 0.500 3.600e-03 -0.300       7637
1631875058.38 0.500 3.582e-03 -0.300       7611
1631875059.78 0.500 3.606e-03 -0.300       7666
1631875061.19 0.500 3.618e-03 -0.300       7505
1631875062.62 0.500 3.596e-03 -0.300       7430
1631875064.02 0.500 3.600e-03 -0.300       7484
1631875065.43 0.510 3.620e-03 -0.300      10467
1631875066.85 0.510 3.608e-03 -0.300      10475
1631875068.26 0.510 3.610e-03 -0.300      10482
1631875069.66 0.510 3.615e-03 -0.300      10333
1631875071.07 0.510 3.613e-03 -0.300      10434
1631875072.49 0.510 3.611e-03 -0.300      10495
1631875073.89 0.510 3.609e-03 -0.300      10534
1631875075.31 0.510 3.612e-03 -0.300      10381
1631875076.73 0.510 3.611e-03 -0.300      10306
1631875078.14 0.510 3.606e-03 -0.300      10312
1631875079.55 0.520 3.624e-03 -0.300      13779
1631875080.97 0.520 3.631e-03 -0.300      13939
1631875082.37 0.520 3.625e-03 -0.300      13955
1631875083.77 0.520 3.623e-03 -0.300      13691
1631875085.19 0.520 3.632e-03 -0.300      13903
1631875086.60 0.520 3.637e-03 -0.300      13700
1631875088.00 0.520 3.629e-03 -0.300      13779
1631875089.41 0.520 3.624e-03 -0.300      13873
1631875090.84 0.520 3.627e-03 -0.300      13928
1631875092.25 0.520 3.631e-03 -0.300      14013
1631875093.65 0.530 3.619e-03 -0.300      17588
1631875095.07 0.530 3.636e-03 -0.300      17648
1631875096.48 0.530 3.639e-03 -0.300      17854
1631875097.89 0.530 3.647e-03 -0.300      17871
1631875099.31 0.530 3.643e-03 -0.300      17622
1631875100.74 0.530 3.643e-03 -0.300      17436
1631875102.14 0.530 3.641e-03 -0.300      17690
1631875103.55 0.530 3.643e-03 -0.300      17795
1631875104.97 0.530 3.638e-03 -0.300      17685
1631875106.38 0.530 3.632e-03 -0.300      17851
1631875107.79 0.540 3.664e-03 -0.300      22190
1631875109.21 0.540 3.655e-03 -0.300      22134
1631875110.64 0.540 3.639e-03 -0.300      22180
1631875112.05 0.540 3.654e-03 -0.300      22133
1631875113.46 0.540 3.664e-03 -0.300      22312
1631875114.89 0.540 3.652e-03 -0.300      21951
1631875116.30 0.540 3.644e-03 -0.300      21779
1631875117.71 0.540 3.655e-03 -0.300      22141
1631875119.13 0.540 3.671e-03 -0.300      22228
1631875120.54 0.540 3.647e-03 -0.300      21805
1631875121.94 0.550 3.659e-03 -0.300      26998
1631875123.35 0.550 3.677e-03 -0.300      27010
1631875124.78 0.550 3.676e-03 -0.300      26905
1631875126.19 0.550 3.669e-03 -0.300      26997
1631875127.60 0.550 3.671e-03 -0.300      26985
1631875129.02 0.550 3.672e-03 -0.300      27471
1631875130.43 0.550 3.667e-03 -0.300      26988
1631875131.83 0.550 3.654e-03 -0.300      27291
1631875133.24 0.550 3.666e-03 -0.300      27034
1631875134.67 0.550 3.678e-03 -0.300      27164
1631875136.07 0.560 3.664e-03 -0.300      34127
1631875137.48 0.560 3.675e-03 -0.300      20953
1631875138.90 0.560 1.000e+10 -0.300          0
1631875140.31 0.560 1.000e+10 -0.300          0
1631875141.71 0.560 1.000e+10 -0.300          0
1631875143.14 0.560 1.000e+10 -0.300          0
1631875144.56 0.560 1.000e+10 -0.300          0
1631875145.96 0.560 1.000e+10 -0.300          0
1631875147.37 0.560 1.000e+10 -0.300          0
1631875148.79 0.560 1.000e+10 -0.300          0
#  Light counts
##########
# scan bias
# case: 10
##########
# Voltage source
##########
# Voltage meter
# Keithley199 dmm; addr: 8
##########
# Counter
# Counter is SR400, gpib: 23
# Counter threshold is -0.3
# Counter slope (0:+, 1:-) is 1.0
# channel: 0
#  time: 1.000000e+00
#####
#  time, vbias, vdmm, thresh, counts
1631875839.14 0.300 3.334e-03 -0.300          0
1631875840.55 0.300 3.329e-03 -0.300          0
1631875841.95 0.300 3.324e-03 -0.300          0
1631875843.37 0.300 3.347e-03 -0.300          0
1631875844.77 0.300 3.337e-03 -0.300          0
1631875846.18 0.300 3.316e-03 -0.300          0
1631875847.58 0.300 3.331e-03 -0.300          0
1631875848.99 0.300 3.349e-03 -0.300          0
1631875850.39 0.300 3.327e-03 -0.300          0
1631875851.80 0.300 3.321e-03 -0.300          0
1631875853.22 0.310 3.336e-03 -0.300          0
1631875854.64 0.310 3.348e-03 -0.300          0
1631875856.05 0.310 3.348e-03 -0.300          1
1631875857.45 0.310 3.347e-03 -0.300          0
1631875858.86 0.310 3.350e-03 -0.300          0
1631875860.28 0.310 3.346e-03 -0.300          0
1631875861.69 0.310 3.343e-03 -0.300          0
1631875863.10 0.310 3.345e-03 -0.300          1
1631875864.52 0.310 3.356e-03 -0.300          0
1631875865.92 0.310 3.357e-03 -0.300          0
1631875867.34 0.320 3.344e-03 -0.300          0
1631875868.76 0.320 3.357e-03 -0.300          1
1631875870.17 0.320 3.367e-03 -0.300          0
1631875871.58 0.320 3.364e-03 -0.300          1
1631875872.99 0.320 3.353e-03 -0.300          2
1631875874.41 0.320 3.360e-03 -0.300          0
1631875875.81 0.320 3.368e-03 -0.300          0
1631875877.22 0.320 3.362e-03 -0.300          0
1631875878.64 0.320 3.353e-03 -0.300          1
1631875880.05 0.320 3.363e-03 -0.300          0
1631875881.45 0.330 3.357e-03 -0.300          5
1631875882.87 0.330 3.371e-03 -0.300         10
1631875884.28 0.330 3.371e-03 -0.300          3
1631875885.69 0.330 3.376e-03 -0.300          2
1631875887.10 0.330 3.380e-03 -0.300          6
1631875888.51 0.330 3.356e-03 -0.300          4
1631875889.91 0.330 3.375e-03 -0.300          3
1631875891.33 0.330 3.383e-03 -0.300          3
1631875892.75 0.330 3.371e-03 -0.300          0
1631875894.16 0.330 3.372e-03 -0.300          6
1631875895.56 0.340 3.363e-03 -0.300         50
1631875896.99 0.340 3.383e-03 -0.300         71
1631875898.41 0.340 3.386e-03 -0.300         66
1631875899.82 0.340 3.390e-03 -0.300         68
1631875901.23 0.340 3.392e-03 -0.300         62
1631875902.66 0.340 3.386e-03 -0.300         63
1631875904.07 0.340 3.377e-03 -0.300         53
1631875905.47 0.340 3.374e-03 -0.300         52
1631875906.89 0.340 3.393e-03 -0.300         53
1631875908.30 0.340 3.394e-03 -0.300         56
1631875909.70 0.350 3.390e-03 -0.300        454
1631875911.11 0.350 3.403e-03 -0.300        491
1631875912.52 0.350 3.418e-03 -0.300        466
1631875913.92 0.350 3.399e-03 -0.300        463
1631875915.33 0.350 3.404e-03 -0.300        469
1631875916.76 0.350 3.413e-03 -0.300        436
1631875918.17 0.350 3.403e-03 -0.300        438
1631875919.58 0.350 3.399e-03 -0.300        468
1631875920.99 0.350 3.409e-03 -0.300        465
1631875922.40 0.350 3.407e-03 -0.300        481
1631875923.80 0.360 3.397e-03 -0.300       2683
1631875925.21 0.360 3.407e-03 -0.300       2629
1631875926.63 0.360 3.419e-03 -0.300       2586
1631875928.04 0.360 3.429e-03 -0.300       2692
1631875929.44 0.360 3.421e-03 -0.300       2621
1631875930.86 0.360 3.409e-03 -0.300       2626
1631875932.27 0.360 3.419e-03 -0.300       2730
1631875933.67 0.360 3.428e-03 -0.300       2747
1631875935.09 0.360 3.414e-03 -0.300       2611
1631875936.50 0.360 3.414e-03 -0.300       2604
1631875937.90 0.370 3.445e-03 -0.300      10714
1631875939.31 0.370 3.444e-03 -0.300      10789
1631875940.73 0.370 3.439e-03 -0.300      10736
1631875942.14 0.370 3.435e-03 -0.300      10828
1631875943.56 0.370 3.439e-03 -0.300      10807
1631875944.96 0.370 3.439e-03 -0.300      10686
1631875946.36 0.370 3.422e-03 -0.300      10854
1631875947.76 0.370 3.442e-03 -0.300      10592
1631875949.18 0.370 3.448e-03 -0.300      10797
1631875950.60 0.370 3.430e-03 -0.300      10696
1631875952.01 0.380 3.432e-03 -0.300      30503
1631875953.41 0.380 3.451e-03 -0.300      30569
1631875954.84 0.380 3.459e-03 -0.300      30655
1631875956.25 0.380 3.445e-03 -0.300      30087
1631875957.65 0.380 3.448e-03 -0.300      30245
1631875959.07 0.380 3.452e-03 -0.300      30388
1631875960.48 0.380 3.456e-03 -0.300      30131
1631875961.88 0.380 3.446e-03 -0.300      30677
1631875963.30 0.380 3.456e-03 -0.300      30389
1631875964.72 0.380 3.462e-03 -0.300      30645
1631875966.13 0.390 3.451e-03 -0.300      63343
1631875967.55 0.390 3.456e-03 -0.300      62878
1631875968.96 0.390 3.461e-03 -0.300      63708
1631875970.38 0.390 3.478e-03 -0.300      63250
1631875971.78 0.390 3.463e-03 -0.300      63230
1631875973.20 0.390 3.460e-03 -0.300      63057
1631875974.61 0.390 3.472e-03 -0.300      63318
1631875976.01 0.390 3.489e-03 -0.300      63189
1631875977.42 0.390 3.467e-03 -0.300      63438
1631875978.84 0.390 3.452e-03 -0.300      63281
1631875980.25 0.400 3.488e-03 -0.300     103095
1631875981.65 0.400 3.486e-03 -0.300     103236
1631875983.07 0.400 3.477e-03 -0.300     102736
1631875984.48 0.400 3.489e-03 -0.300     102745
1631875985.88 0.400 3.494e-03 -0.300     102498
1631875987.29 0.400 3.485e-03 -0.300     102659
1631875988.70 0.400 3.476e-03 -0.300     102115
1631875990.11 0.400 3.486e-03 -0.300     102989
1631875991.52 0.400 3.486e-03 -0.300     102884
1631875992.93 0.400 3.479e-03 -0.300     102716
1631875994.34 0.410 3.476e-03 -0.300     137869
1631875995.74 0.410 3.500e-03 -0.300     138895
1631875997.16 0.410 3.500e-03 -0.300     139065
1631875998.57 0.410 3.493e-03 -0.300     138507
1631875999.97 0.410 3.502e-03 -0.300     138362
1631876001.38 0.410 3.511e-03 -0.300     138636
1631876002.80 0.410 3.499e-03 -0.300     139096
1631876004.21 0.410 3.501e-03 -0.300     138861
1631876005.62 0.410 3.498e-03 -0.300     138910
1631876007.03 0.410 3.499e-03 -0.300     139099
1631876008.44 0.420 3.514e-03 -0.300     165330
1631876009.84 0.420 3.501e-03 -0.300     165123
1631876011.25 0.420 3.513e-03 -0.300     164531
1631876012.67 0.420 3.529e-03 -0.300     165359
1631876014.07 0.420 3.514e-03 -0.300     165280
1631876015.48 0.420 3.512e-03 -0.300     164873
1631876016.90 0.420 3.513e-03 -0.300     165096
1631876018.31 0.420 3.508e-03 -0.300     165221
1631876019.71 0.420 3.508e-03 -0.300     165239
1631876021.13 0.420 3.518e-03 -0.300     165456
1631876022.54 0.430 3.516e-03 -0.300     183751
1631876023.94 0.430 3.523e-03 -0.300     183665
1631876025.35 0.430 3.514e-03 -0.300     183793
1631876026.78 0.430 3.527e-03 -0.300     183902
1631876028.19 0.430 3.526e-03 -0.300     184239
1631876029.59 0.430 3.527e-03 -0.300     183572
1631876031.00 0.430 3.510e-03 -0.300     183896
1631876032.42 0.430 3.527e-03 -0.300     183866
1631876033.82 0.430 3.546e-03 -0.300     183734
1631876035.23 0.430 3.526e-03 -0.300     183617
1631876036.66 0.440 3.525e-03 -0.300     196172
1631876038.06 0.440 3.548e-03 -0.300     196923
1631876039.47 0.440 3.537e-03 -0.300     197199
1631876040.90 0.440 3.539e-03 -0.300     196172
1631876042.31 0.440 3.534e-03 -0.300     196276
1631876043.71 0.440 3.542e-03 -0.300     196410
1631876045.13 0.440 3.538e-03 -0.300     196382
1631876046.53 0.440 3.543e-03 -0.300     197308
1631876047.93 0.440 3.540e-03 -0.300     196905
1631876049.34 0.440 3.544e-03 -0.300     196283
1631876050.76 0.450 3.538e-03 -0.300     205929
1631876052.17 0.450 3.542e-03 -0.300     204594
1631876053.57 0.450 3.548e-03 -0.300     205820
1631876054.99 0.450 3.566e-03 -0.300     205805
1631876056.40 0.450 3.554e-03 -0.300     205016
1631876057.81 0.450 3.544e-03 -0.300     205546
1631876059.22 0.450 3.549e-03 -0.300     205392
1631876060.65 0.450 3.566e-03 -0.300     205960
1631876062.06 0.450 3.552e-03 -0.300     205912
1631876063.46 0.450 3.554e-03 -0.300     205065
1631876064.89 0.460 3.557e-03 -0.300     211864
1631876066.30 0.460 3.564e-03 -0.300     211775
1631876067.71 0.460 3.558e-03 -0.300     212547
1631876069.13 0.460 3.569e-03 -0.300     211897
1631876070.55 0.460 3.575e-03 -0.300     212161
1631876071.95 0.460 3.564e-03 -0.300     212056
1631876073.37 0.460 3.556e-03 -0.300     211749
1631876074.79 0.460 3.572e-03 -0.300     211731
1631876076.20 0.460 3.583e-03 -0.300     211926
1631876077.60 0.460 3.566e-03 -0.300     211636
1631876079.02 0.470 3.584e-03 -0.300     216493
1631876080.43 0.470 3.580e-03 -0.300     215917
1631876081.84 0.470 3.585e-03 -0.300     216389
1631876083.25 0.470 3.578e-03 -0.300     215901
1631876084.67 0.470 3.580e-03 -0.300     216309
1631876086.07 0.470 3.586e-03 -0.300     217450
1631876087.48 0.470 3.581e-03 -0.300     216493
1631876088.90 0.470 3.571e-03 -0.300     216084
1631876090.31 0.470 3.587e-03 -0.300     216838
1631876091.71 0.470 3.586e-03 -0.300     216592
1631876093.13 0.480 3.578e-03 -0.300     220774
1631876094.55 0.480 3.571e-03 -0.300     220276
1631876095.95 0.480 3.589e-03 -0.300     220122
1631876097.37 0.480 3.612e-03 -0.300     220289
1631876098.78 0.480 3.592e-03 -0.300     220905
1631876100.19 0.480 3.598e-03 -0.300     220270
1631876101.60 0.480 3.604e-03 -0.300     220604
1631876103.01 0.480 3.593e-03 -0.300     220028
1631876104.43 0.480 3.598e-03 -0.300     220032
1631876105.84 0.480 3.598e-03 -0.300     220501
1631876107.24 0.490 3.600e-03 -0.300     223290
1631876108.66 0.490 3.610e-03 -0.300     223701
1631876110.06 0.490 3.610e-03 -0.300     223658
1631876111.47 0.490 3.613e-03 -0.300     223957
1631876112.88 0.490 3.617e-03 -0.300     223771
1631876114.29 0.490 3.602e-03 -0.300     224551
1631876115.69 0.490 3.612e-03 -0.300     223672
1631876117.11 0.490 3.617e-03 -0.300     223735
1631876118.52 0.490 3.625e-03 -0.300     223668
1631876119.92 0.490 3.608e-03 -0.300     224394
1631876121.34 0.500 3.614e-03 -0.300     227407
1631876122.76 0.500 3.634e-03 -0.300     226928
1631876124.17 0.500 3.635e-03 -0.300     227374
1631876125.58 0.500 3.627e-03 -0.300     227337
1631876126.99 0.500 3.630e-03 -0.300     227479
1631876128.39 0.500 3.629e-03 -0.300     228295
1631876129.79 0.500 3.621e-03 -0.300     227585
1631876131.21 0.500 3.619e-03 -0.300     227793
1631876132.63 0.500 3.624e-03 -0.300     227504
1631876134.04 0.500 3.637e-03 -0.300     227702
1631876135.44 0.510 3.626e-03 -0.300     231556
1631876136.85 0.510 3.625e-03 -0.300     231931
1631876138.26 0.510 3.653e-03 -0.300     232271
1631876139.66 0.510 3.644e-03 -0.300     231562
1631876141.09 0.510 3.642e-03 -0.300     231764
1631876142.51 0.510 3.625e-03 -0.300     231071
1631876143.92 0.510 3.655e-03 -0.300     232275
1631876145.34 0.510 3.648e-03 -0.300     231132
1631876146.77 0.510 3.640e-03 -0.300     231308
1631876148.18 0.510 3.645e-03 -0.300     231231
1631876149.58 0.520 3.651e-03 -0.300     235710
1631876151.00 0.520 3.655e-03 -0.300     234954
1631876152.41 0.520 3.651e-03 -0.300     235037
1631876153.82 0.520 3.658e-03 -0.300     235608
1631876155.22 0.520 3.658e-03 -0.300     235121
1631876156.64 0.520 3.651e-03 -0.300     235703
1631876158.04 0.520 3.649e-03 -0.300     235822
1631876159.46 0.520 3.657e-03 -0.300     235556
1631876160.87 0.520 3.654e-03 -0.300     234716
1631876162.28 0.520 3.649e-03 -0.300     233961
1631876163.68 0.530 3.659e-03 -0.300     239798
1631876165.09 0.530 3.667e-03 -0.300     239427
1631876166.50 0.530 3.671e-03 -0.300     240567
1631876167.91 0.530 3.670e-03 -0.300     240441
1631876169.33 0.530 3.671e-03 -0.300     240578
1631876170.76 0.530 3.683e-03 -0.300     239699
1631876172.17 0.530 3.660e-03 -0.300     239478
1631876173.57 0.530 3.657e-03 -0.300     239049
1631876174.99 0.530 1.000e+10 -0.300          0
1631876176.40 0.530 1.000e+10 -0.300          0
