# Time: 2021-09-23 03:24:02.148000
# Computer: 686DR2
# Program commandline: ['console_DE_v4.py', '-att', '31', '-daqloop', '10', '-wl', '1535']
# cwd: C:\Python\de_v3
#
#  NIST Detector:  SMA0
#
# Config
# {'ch': 0, 'sw_pm': 1, 'skip_zero': False, 'measure_cmax': False, 'target_att': 31.0, 'both_pol': False, 'daqloop': 10, 'basefilename': 'C:\\Users\\qittlab/Documents/686DR2/2021_09_23/03_24.dat', 'bias_dict': [0.3, 0.7, 0.01, 0.5], 'take_darks': True, 'use_att': -1, 'cmax_stop': 12.0, 'thresh': 0.5, 'wavelength': 1535, 'readings': 5, 'hysteresis_ch': 4, 'wait_for_att': 3, 'cmax_num': 5, 'use_comparator': True, 'd': 0, 'nocal': False, 'initial_range': 0, 'use_config_att': False, 'thresh_ch': 3, 'sw_det': 2, 'cmax_vstart': 0.4, 'cmax_start': 34.0, 'hysteresis': 4.0, 'max_pol': True, 'counter_time': 1, 'target_rate': 400000, 'nopol': False}
#
#  Dark counts
##########
# scan bias
# case: 10
##########
# Voltage source
##########
# Voltage meter
# Keithley199 dmm; addr: 8
##########
# Counter
# Counter is SR400, gpib: 23
# Counter threshold is -0.3
# Counter slope (0:+, 1:-) is 1.0
# channel: 0
#  time: 1.000000e+00
#####
#  time, vbias, vdmm, thresh, counts
1632389060.91 0.300 2.780e-03 -0.300          0
1632389062.33 0.300 2.970e-03 -0.300          0
1632389063.74 0.300 2.952e-03 -0.300          0
1632389065.16 0.300 2.957e-03 -0.300          0
1632389066.59 0.300 2.953e-03 -0.300          0
1632389068.02 0.300 2.953e-03 -0.300          0
1632389069.42 0.300 2.958e-03 -0.300          0
1632389070.84 0.300 2.946e-03 -0.300          0
1632389072.26 0.300 2.951e-03 -0.300          0
1632389073.66 0.300 2.958e-03 -0.300          0
1632389075.09 0.310 2.969e-03 -0.300          0
1632389076.51 0.310 2.970e-03 -0.300          0
1632389077.92 0.310 2.975e-03 -0.300          0
1632389079.34 0.310 2.970e-03 -0.300          0
1632389080.75 0.310 2.952e-03 -0.300          0
1632389082.16 0.310 2.971e-03 -0.300          0
1632389083.58 0.310 2.978e-03 -0.300          0
1632389085.01 0.310 2.965e-03 -0.300          0
1632389086.42 0.310 2.951e-03 -0.300          0
1632389087.84 0.310 2.970e-03 -0.300          0
1632389089.27 0.320 3.005e-03 -0.300          0
1632389090.69 0.320 2.983e-03 -0.300          0
1632389092.12 0.320 2.982e-03 -0.300          0
1632389093.54 0.320 2.988e-03 -0.300          0
1632389094.96 0.320 2.987e-03 -0.300          0
1632389096.37 0.320 2.982e-03 -0.300          0
1632389097.78 0.320 2.964e-03 -0.300          0
1632389099.21 0.320 2.981e-03 -0.300          0
1632389100.62 0.320 2.991e-03 -0.300          0
1632389102.05 0.320 2.983e-03 -0.300          0
1632389103.47 0.330 2.988e-03 -0.300          0
1632389104.88 0.330 3.005e-03 -0.300          0
1632389106.29 0.330 2.993e-03 -0.300          0
1632389107.72 0.330 2.985e-03 -0.300          0
1632389109.13 0.330 2.998e-03 -0.300          0
1632389110.55 0.330 3.008e-03 -0.300          0
1632389111.97 0.330 2.998e-03 -0.300          0
1632389113.38 0.330 2.976e-03 -0.300          0
1632389114.79 0.330 2.992e-03 -0.300          0
1632389116.20 0.330 3.012e-03 -0.300          0
1632389117.61 0.340 3.005e-03 -0.300          0
1632389119.02 0.340 3.005e-03 -0.300          0
1632389120.42 0.340 3.011e-03 -0.300          0
1632389121.83 0.340 3.014e-03 -0.300          0
1632389123.25 0.340 3.010e-03 -0.300          0
1632389124.66 0.340 3.006e-03 -0.300          0
1632389126.07 0.340 3.009e-03 -0.300          0
1632389127.49 0.340 3.008e-03 -0.300          0
1632389128.90 0.340 2.998e-03 -0.300          0
1632389130.31 0.340 3.009e-03 -0.300          0
1632389131.74 0.350 3.011e-03 -0.300          0
1632389133.15 0.350 3.025e-03 -0.300          0
1632389134.56 0.350 3.014e-03 -0.300          0
1632389135.98 0.350 3.020e-03 -0.300          0
1632389137.39 0.350 3.038e-03 -0.300          0
1632389138.81 0.350 3.018e-03 -0.300          0
1632389140.22 0.350 3.008e-03 -0.300          0
1632389141.64 0.350 3.025e-03 -0.300          0
1632389143.05 0.350 3.027e-03 -0.300          0
1632389144.48 0.350 3.020e-03 -0.300          0
1632389145.89 0.360 3.020e-03 -0.300          0
1632389147.30 0.360 3.041e-03 -0.300          0
1632389148.71 0.360 3.032e-03 -0.300          0
1632389150.13 0.360 3.032e-03 -0.300          1
1632389151.55 0.360 3.040e-03 -0.300          0
1632389152.96 0.360 3.047e-03 -0.300          0
1632389154.38 0.360 3.034e-03 -0.300          0
1632389155.79 0.360 3.025e-03 -0.300          0
1632389157.20 0.360 3.039e-03 -0.300          0
1632389158.60 0.360 3.042e-03 -0.300          0
1632389160.01 0.370 3.034e-03 -0.300          1
1632389161.42 0.370 3.042e-03 -0.300          3
1632389162.84 0.370 3.045e-03 -0.300          1
1632389164.26 0.370 3.051e-03 -0.300          3
1632389165.67 0.370 3.053e-03 -0.300          0
1632389167.08 0.370 3.048e-03 -0.300          0
1632389168.48 0.370 3.057e-03 -0.300          2
1632389169.90 0.370 3.046e-03 -0.300          2
1632389171.32 0.370 3.045e-03 -0.300          1
1632389172.75 0.370 3.046e-03 -0.300          2
1632389174.16 0.380 3.072e-03 -0.300          4
1632389175.57 0.380 3.067e-03 -0.300         11
1632389176.99 0.380 3.054e-03 -0.300          6
1632389178.40 0.380 3.067e-03 -0.300          4
1632389179.81 0.380 3.073e-03 -0.300          9
1632389181.22 0.380 3.061e-03 -0.300          3
1632389182.64 0.380 3.065e-03 -0.300          4
1632389184.06 0.380 3.063e-03 -0.300          7
1632389185.48 0.380 3.061e-03 -0.300          3
1632389186.89 0.380 3.065e-03 -0.300          5
1632389188.31 0.390 3.064e-03 -0.300         22
1632389189.73 0.390 3.089e-03 -0.300         27
1632389191.14 0.390 3.084e-03 -0.300         30
1632389192.56 0.390 3.078e-03 -0.300         22
1632389193.98 0.390 3.081e-03 -0.300         25
1632389195.39 0.390 3.080e-03 -0.300         25
1632389196.80 0.390 3.076e-03 -0.300         22
1632389198.21 0.390 3.069e-03 -0.300         24
1632389199.62 0.390 3.083e-03 -0.300         26
1632389201.04 0.390 3.090e-03 -0.300         22
1632389202.47 0.400 3.079e-03 -0.300         69
1632389203.88 0.400 3.074e-03 -0.300         54
1632389205.29 0.400 3.090e-03 -0.300         60
1632389206.71 0.400 3.106e-03 -0.300         58
1632389208.12 0.400 3.090e-03 -0.300         57
1632389209.53 0.400 3.091e-03 -0.300         64
1632389210.94 0.400 3.095e-03 -0.300         61
1632389212.35 0.400 3.088e-03 -0.300         56
1632389213.76 0.400 3.093e-03 -0.300         62
1632389215.16 0.400 3.089e-03 -0.300         58
1632389216.58 0.410 3.098e-03 -0.300        145
1632389218.00 0.410 3.107e-03 -0.300        135
1632389219.41 0.410 3.092e-03 -0.300        125
1632389220.83 0.410 3.111e-03 -0.300        168
1632389222.26 0.410 3.115e-03 -0.300        163
1632389223.67 0.410 3.112e-03 -0.300        150
1632389225.09 0.410 3.088e-03 -0.300        133
1632389226.50 0.410 3.111e-03 -0.300        122
1632389227.91 0.410 3.115e-03 -0.300        150
1632389229.33 0.410 3.104e-03 -0.300        152
1632389230.75 0.420 3.105e-03 -0.300        249
1632389232.17 0.420 3.120e-03 -0.300        249
1632389233.59 0.420 3.115e-03 -0.300        296
1632389235.01 0.420 3.117e-03 -0.300        249
1632389236.41 0.420 3.126e-03 -0.300        262
1632389237.83 0.420 3.127e-03 -0.300        263
1632389239.23 0.420 3.124e-03 -0.300        266
1632389240.65 0.420 3.119e-03 -0.300        266
1632389242.08 0.420 3.121e-03 -0.300        257
1632389243.49 0.420 3.132e-03 -0.300        262
1632389244.90 0.430 3.121e-03 -0.300        435
1632389246.32 0.430 3.134e-03 -0.300        424
1632389247.74 0.430 3.137e-03 -0.300        457
1632389249.15 0.430 3.139e-03 -0.300        464
1632389250.56 0.430 3.130e-03 -0.300        400
1632389251.99 0.430 3.130e-03 -0.300        406
1632389253.39 0.430 3.141e-03 -0.300        403
1632389254.80 0.430 3.145e-03 -0.300        421
1632389256.20 0.430 3.132e-03 -0.300        431
1632389257.62 0.430 3.123e-03 -0.300        437
1632389259.03 0.440 3.155e-03 -0.300        617
1632389260.46 0.440 3.152e-03 -0.300        666
1632389261.87 0.440 3.152e-03 -0.300        684
1632389263.29 0.440 3.144e-03 -0.300        678
1632389264.70 0.440 3.152e-03 -0.300        658
1632389266.12 0.440 3.146e-03 -0.300        662
1632389267.54 0.440 3.151e-03 -0.300        667
1632389268.94 0.440 3.154e-03 -0.300        636
1632389270.35 0.440 3.164e-03 -0.300        622
1632389271.77 0.440 3.144e-03 -0.300        628
1632389273.19 0.450 3.133e-03 -0.300       1081
1632389274.59 0.450 3.163e-03 -0.300       1000
1632389276.00 0.450 3.165e-03 -0.300       1042
1632389277.42 0.450 3.160e-03 -0.300       1094
1632389278.83 0.450 3.147e-03 -0.300       1042
1632389280.26 0.450 3.168e-03 -0.300       1055
1632389281.67 0.450 3.160e-03 -0.300       1082
1632389283.09 0.450 3.162e-03 -0.300       1027
1632389284.51 0.450 3.164e-03 -0.300       1032
1632389285.92 0.450 3.162e-03 -0.300       1044
1632389287.35 0.460 3.158e-03 -0.300       1755
1632389288.76 0.460 3.178e-03 -0.300       1741
1632389290.18 0.460 3.163e-03 -0.300       1750
1632389291.60 0.460 3.180e-03 -0.300       1707
1632389293.02 0.460 3.176e-03 -0.300       1726
1632389294.42 0.460 3.171e-03 -0.300       1748
1632389295.85 0.460 3.185e-03 -0.300       1677
1632389297.26 0.460 3.182e-03 -0.300       1710
1632389298.67 0.460 3.173e-03 -0.300       1724
1632389300.09 0.460 3.171e-03 -0.300       1777
1632389301.50 0.470 3.183e-03 -0.300       2900
1632389302.91 0.470 3.195e-03 -0.300       2827
1632389304.33 0.470 3.186e-03 -0.300       2880
1632389305.75 0.470 3.188e-03 -0.300       2895
1632389307.17 0.470 3.190e-03 -0.300       2887
1632389308.58 0.470 3.192e-03 -0.300       2907
1632389309.99 0.470 3.184e-03 -0.300       2790
1632389311.39 0.470 3.180e-03 -0.300       2830
1632389312.80 0.470 3.201e-03 -0.300       2819
1632389314.22 0.470 3.196e-03 -0.300       2960
1632389315.64 0.480 3.187e-03 -0.300       4762
1632389317.05 0.480 3.201e-03 -0.300       4745
1632389318.46 0.480 3.209e-03 -0.300       4774
1632389319.87 0.480 3.198e-03 -0.300       4774
1632389321.28 0.480 3.197e-03 -0.300       4850
1632389322.71 0.480 3.200e-03 -0.300       4543
1632389324.12 0.480 3.205e-03 -0.300       4646
1632389325.53 0.480 3.200e-03 -0.300       4732
1632389326.94 0.480 3.191e-03 -0.300       4822
1632389328.36 0.480 3.206e-03 -0.300       4636
1632389329.78 0.490 3.216e-03 -0.300       7346
1632389331.19 0.490 3.219e-03 -0.300       7262
1632389332.62 0.490 3.217e-03 -0.300       7349
1632389334.04 0.490 3.216e-03 -0.300       7358
1632389335.45 0.490 3.210e-03 -0.300       7328
1632389336.87 0.490 3.202e-03 -0.300       7306
1632389338.28 0.490 3.213e-03 -0.300       7378
1632389339.69 0.490 3.224e-03 -0.300       7259
1632389341.10 0.490 3.208e-03 -0.300       7313
1632389342.52 0.490 3.193e-03 -0.300       7304
1632389343.93 0.500 3.225e-03 -0.300      11073
1632389345.34 0.500 3.244e-03 -0.300      10888
1632389346.74 0.500 3.225e-03 -0.300      10713
1632389348.16 0.500 3.217e-03 -0.300      10830
1632389349.57 0.500 3.231e-03 -0.300      10855
1632389350.98 0.500 3.236e-03 -0.300      10912
1632389352.39 0.500 3.225e-03 -0.300      10928
1632389353.80 0.500 3.223e-03 -0.300      10952
1632389355.21 0.500 3.231e-03 -0.300      10908
1632389356.61 0.500 3.222e-03 -0.300      10925
1632389358.03 0.510 3.215e-03 -0.300      15244
1632389359.44 0.510 3.248e-03 -0.300      15383
1632389360.85 0.510 3.243e-03 -0.300      15442
1632389362.27 0.510 3.234e-03 -0.300      15499
1632389363.68 0.510 3.240e-03 -0.300      15384
1632389365.09 0.510 3.240e-03 -0.300      15269
1632389366.50 0.510 3.260e-03 -0.300      15323
1632389367.92 0.510 3.244e-03 -0.300      15276
1632389369.34 0.510 3.232e-03 -0.300      15193
1632389370.76 0.510 3.248e-03 -0.300      15257
1632389372.16 0.520 3.242e-03 -0.300      20590
1632389373.57 0.520 3.257e-03 -0.300      20994
1632389374.99 0.520 3.256e-03 -0.300      20762
1632389376.40 0.520 3.263e-03 -0.300      21059
1632389377.81 0.520 3.252e-03 -0.300      20719
1632389379.23 0.520 3.240e-03 -0.300      20834
1632389380.63 0.520 3.261e-03 -0.300      20681
1632389382.05 0.520 3.261e-03 -0.300      20744
1632389383.47 0.520 3.254e-03 -0.300      20733
1632389384.89 0.520 3.236e-03 -0.300      20787
1632389386.29 0.530 3.260e-03 -0.300      26894
1632389387.72 0.530 3.292e-03 -0.300      27080
1632389389.13 0.530 3.270e-03 -0.300      27332
1632389390.55 0.530 3.275e-03 -0.300      26752
1632389391.97 0.530 3.275e-03 -0.300      27002
1632389393.38 0.530 3.274e-03 -0.300      27266
1632389394.80 0.530 3.269e-03 -0.300      26823
1632389396.21 0.530 3.275e-03 -0.300      27148
1632389397.62 0.530 3.280e-03 -0.300      26968
1632389399.04 0.530 3.261e-03 -0.300      26895
1632389400.45 0.540 3.263e-03 -0.300      33948
1632389401.86 0.540 3.278e-03 -0.300      33864
1632389403.27 0.540 3.291e-03 -0.300      33827
1632389404.69 0.540 3.289e-03 -0.300      33864
1632389406.11 0.540 3.282e-03 -0.300      34169
1632389407.53 0.540 3.291e-03 -0.300      33979
1632389408.94 0.540 3.292e-03 -0.300      33603
1632389410.36 0.540 3.287e-03 -0.300      33983
1632389411.76 0.540 3.280e-03 -0.300      33730
1632389413.18 0.540 3.283e-03 -0.300      34244
1632389414.60 0.550 3.284e-03 -0.300      41375
1632389416.02 0.550 3.305e-03 -0.300      41422
1632389417.43 0.550 3.299e-03 -0.300      41391
1632389418.86 0.550 3.310e-03 -0.300      41380
1632389420.27 0.550 3.309e-03 -0.300      41345
1632389421.68 0.550 3.295e-03 -0.300      41050
1632389423.11 0.550 3.305e-03 -0.300      41467
1632389424.52 0.550 3.310e-03 -0.300      40989
1632389425.93 0.550 3.295e-03 -0.300      41251
1632389427.34 0.550 3.289e-03 -0.300      41069
1632389428.75 0.560 3.303e-03 -0.300        531
1632389430.16 0.560 1.000e+10 -0.300          0
1632389431.57 0.560 1.000e+10 -0.300          0
1632389433.00 0.560 1.000e+10 -0.300          0
1632389434.41 0.560 1.000e+10 -0.300          0
1632389435.83 0.560 1.000e+10 -0.300          0
1632389437.25 0.560 1.000e+10 -0.300          0
1632389438.66 0.560 1.000e+10 -0.300          0
1632389440.08 0.560 1.000e+10 -0.300          0
1632389441.50 0.560 1.000e+10 -0.300          0
#  Light counts
##########
# scan bias
# case: 10
##########
# Voltage source
##########
# Voltage meter
# Keithley199 dmm; addr: 8
##########
# Counter
# Counter is SR400, gpib: 23
# Counter threshold is -0.3
# Counter slope (0:+, 1:-) is 1.0
# channel: 0
#  time: 1.000000e+00
#####
#  time, vbias, vdmm, thresh, counts
1632390051.51 0.300 2.952e-03 -0.300          0
1632390052.92 0.300 2.941e-03 -0.300          0
1632390054.35 0.300 2.960e-03 -0.300          0
1632390055.77 0.300 2.956e-03 -0.300          0
1632390057.19 0.300 2.955e-03 -0.300          0
1632390058.59 0.300 2.965e-03 -0.300          0
1632390060.01 0.300 2.955e-03 -0.300          0
1632390061.42 0.300 2.958e-03 -0.300          0
1632390062.84 0.300 2.959e-03 -0.300          0
1632390064.25 0.300 2.952e-03 -0.300          0
1632390065.65 0.310 2.961e-03 -0.300          0
1632390067.06 0.310 2.966e-03 -0.300          0
1632390068.47 0.310 2.962e-03 -0.300          0
1632390069.89 0.310 2.962e-03 -0.300          0
1632390071.31 0.310 2.984e-03 -0.300          0
1632390072.74 0.310 2.970e-03 -0.300          0
1632390074.15 0.310 2.968e-03 -0.300          0
1632390075.57 0.310 2.974e-03 -0.300          0
1632390076.98 0.310 2.972e-03 -0.300          0
1632390078.39 0.310 2.969e-03 -0.300          0
1632390079.80 0.320 2.972e-03 -0.300          0
1632390081.21 0.320 2.990e-03 -0.300          0
1632390082.62 0.320 2.983e-03 -0.300          0
1632390084.03 0.320 2.984e-03 -0.300          0
1632390085.44 0.320 2.981e-03 -0.300          0
1632390086.86 0.320 2.987e-03 -0.300          0
1632390088.29 0.320 2.980e-03 -0.300          0
1632390089.71 0.320 2.982e-03 -0.300          2
1632390091.13 0.320 2.990e-03 -0.300          0
1632390092.54 0.320 2.995e-03 -0.300          0
1632390093.95 0.330 2.984e-03 -0.300          2
1632390095.37 0.330 2.993e-03 -0.300          3
1632390096.78 0.330 2.999e-03 -0.300          2
1632390098.19 0.330 3.000e-03 -0.300          4
1632390099.61 0.330 2.996e-03 -0.300          3
1632390101.02 0.330 2.997e-03 -0.300          6
1632390102.43 0.330 3.011e-03 -0.300          3
1632390103.85 0.330 3.002e-03 -0.300          2
1632390105.26 0.330 2.999e-03 -0.300          2
1632390106.67 0.330 2.991e-03 -0.300          2
1632390108.10 0.340 3.021e-03 -0.300         25
1632390109.53 0.340 3.008e-03 -0.300         28
1632390110.95 0.340 3.010e-03 -0.300         32
1632390112.36 0.340 3.015e-03 -0.300         30
1632390113.78 0.340 3.024e-03 -0.300         22
1632390115.19 0.340 3.011e-03 -0.300         26
1632390116.59 0.340 3.009e-03 -0.300         27
1632390118.00 0.340 3.017e-03 -0.300         22
1632390119.42 0.340 3.012e-03 -0.300         21
1632390120.84 0.340 3.011e-03 -0.300         31
1632390122.24 0.350 3.018e-03 -0.300        248
1632390123.64 0.350 3.036e-03 -0.300        245
1632390125.04 0.350 3.045e-03 -0.300        230
1632390126.45 0.350 3.030e-03 -0.300        266
1632390127.85 0.350 3.030e-03 -0.300        267
1632390129.28 0.350 3.038e-03 -0.300        242
1632390130.70 0.350 3.025e-03 -0.300        252
1632390132.11 0.350 3.021e-03 -0.300        264
1632390133.53 0.350 3.031e-03 -0.300        245
1632390134.95 0.350 3.036e-03 -0.300        231
1632390136.36 0.360 3.023e-03 -0.300       1694
1632390137.79 0.360 3.042e-03 -0.300       1633
1632390139.20 0.360 3.038e-03 -0.300       1601
1632390140.60 0.360 3.062e-03 -0.300       1654
1632390142.03 0.360 3.044e-03 -0.300       1602
1632390143.44 0.360 3.035e-03 -0.300       1629
1632390144.85 0.360 3.054e-03 -0.300       1671
1632390146.27 0.360 3.053e-03 -0.300       1676
1632390147.68 0.360 3.046e-03 -0.300       1645
1632390149.11 0.360 3.049e-03 -0.300       1646
1632390150.53 0.370 3.050e-03 -0.300       7455
1632390151.95 0.370 3.057e-03 -0.300       7359
1632390153.36 0.370 3.051e-03 -0.300       7398
1632390154.77 0.370 3.060e-03 -0.300       7262
1632390156.18 0.370 3.071e-03 -0.300       7543
1632390157.59 0.370 3.059e-03 -0.300       7500
1632390159.01 0.370 3.043e-03 -0.300       7393
1632390160.42 0.370 3.060e-03 -0.300       7396
1632390161.82 0.370 3.065e-03 -0.300       7365
1632390163.25 0.370 3.061e-03 -0.300       7362
1632390164.66 0.380 3.060e-03 -0.300      23302
1632390166.08 0.380 3.079e-03 -0.300      23160
1632390167.50 0.380 3.075e-03 -0.300      23082
1632390168.91 0.380 3.077e-03 -0.300      23314
1632390170.33 0.380 3.075e-03 -0.300      23028
1632390171.74 0.380 3.086e-03 -0.300      22846
1632390173.15 0.380 3.073e-03 -0.300      23380
1632390174.56 0.380 3.075e-03 -0.300      23193
1632390175.99 0.380 3.079e-03 -0.300      22919
1632390177.40 0.380 3.091e-03 -0.300      22970
1632390178.83 0.390 3.097e-03 -0.300      52249
1632390180.26 0.390 3.085e-03 -0.300      52347
1632390181.68 0.390 3.098e-03 -0.300      52614
1632390183.09 0.390 3.107e-03 -0.300      52150
1632390184.50 0.390 3.094e-03 -0.300      52213
1632390185.92 0.390 3.087e-03 -0.300      51915
1632390187.33 0.390 3.098e-03 -0.300      52471
1632390188.75 0.390 3.111e-03 -0.300      52104
1632390190.16 0.390 3.095e-03 -0.300      52323
1632390191.57 0.390 3.081e-03 -0.300      52279
1632390192.98 0.400 3.118e-03 -0.300      90643
1632390194.39 0.400 3.119e-03 -0.300      91164
1632390195.81 0.400 3.108e-03 -0.300      90335
1632390197.22 0.400 3.109e-03 -0.300      90956
1632390198.63 0.400 3.118e-03 -0.300      90555
1632390200.05 0.400 3.108e-03 -0.300      90764
1632390201.47 0.400 3.099e-03 -0.300      90823
1632390202.89 0.400 3.114e-03 -0.300      90653
1632390204.31 0.400 3.115e-03 -0.300      90981
1632390205.71 0.400 3.111e-03 -0.300      90895
1632390207.11 0.410 3.109e-03 -0.300     128698
1632390208.52 0.410 3.127e-03 -0.300     129123
1632390209.93 0.410 3.138e-03 -0.300     129255
1632390211.34 0.410 3.122e-03 -0.300     129115
1632390212.76 0.410 3.116e-03 -0.300     129210
1632390214.17 0.410 3.131e-03 -0.300     129020
1632390215.59 0.410 3.131e-03 -0.300     128755
1632390217.00 0.410 3.124e-03 -0.300     129313
1632390218.40 0.410 3.125e-03 -0.300     128255
1632390219.80 0.410 3.130e-03 -0.300     128244
1632390221.22 0.420 3.124e-03 -0.300     158265
1632390222.63 0.420 3.139e-03 -0.300     158114
1632390224.04 0.420 3.148e-03 -0.300     158167
1632390225.47 0.420 3.140e-03 -0.300     158403
1632390226.88 0.420 3.136e-03 -0.300     158706
1632390228.30 0.420 3.132e-03 -0.300     158402
1632390229.72 0.420 3.143e-03 -0.300     158645
1632390231.13 0.420 3.157e-03 -0.300     158487
1632390232.55 0.420 3.137e-03 -0.300     158741
1632390233.95 0.420 3.127e-03 -0.300     158262
1632390235.36 0.430 3.167e-03 -0.300     178913
1632390236.77 0.430 3.160e-03 -0.300     179070
1632390238.18 0.430 3.149e-03 -0.300     179202
1632390239.59 0.430 3.163e-03 -0.300     178331
1632390241.01 0.430 3.161e-03 -0.300     178798
1632390242.43 0.430 3.153e-03 -0.300     179017
1632390243.85 0.430 3.153e-03 -0.300     179125
1632390245.26 0.430 3.156e-03 -0.300     179209
1632390246.68 0.430 3.163e-03 -0.300     178692
1632390248.09 0.430 3.161e-03 -0.300     178629
1632390249.51 0.440 3.151e-03 -0.300     192823
1632390250.92 0.440 3.170e-03 -0.300     192494
1632390252.33 0.440 3.184e-03 -0.300     193239
1632390253.76 0.440 3.170e-03 -0.300     193006
1632390255.17 0.440 3.162e-03 -0.300     192477
1632390256.58 0.440 3.169e-03 -0.300     193326
1632390258.00 0.440 3.171e-03 -0.300     193547
1632390259.42 0.440 3.167e-03 -0.300     192547
1632390260.84 0.440 3.168e-03 -0.300     192957
1632390262.25 0.440 3.171e-03 -0.300     192557
1632390263.66 0.450 3.165e-03 -0.300     203428
1632390265.07 0.450 3.179e-03 -0.300     202555
1632390266.47 0.450 3.175e-03 -0.300     203127
1632390267.89 0.450 3.187e-03 -0.300     203565
1632390269.32 0.450 3.187e-03 -0.300     202711
1632390270.73 0.450 3.174e-03 -0.300     202803
1632390272.14 0.450 3.187e-03 -0.300     203119
1632390273.55 0.450 3.194e-03 -0.300     203200
1632390274.96 0.450 3.176e-03 -0.300     203075
1632390276.37 0.450 3.177e-03 -0.300     202524
1632390277.78 0.460 3.188e-03 -0.300     210894
1632390279.20 0.460 3.197e-03 -0.300     209752
1632390280.62 0.460 3.197e-03 -0.300     210481
1632390282.04 0.460 3.199e-03 -0.300     210701
1632390283.45 0.460 3.203e-03 -0.300     210000
1632390284.86 0.460 3.215e-03 -0.300     210392
1632390286.27 0.460 3.186e-03 -0.300     210777
1632390287.67 0.460 3.195e-03 -0.300     210361
1632390289.08 0.460 3.211e-03 -0.300     210275
1632390290.50 0.460 3.197e-03 -0.300     210306
1632390291.91 0.470 3.192e-03 -0.300     216302
1632390293.33 0.470 3.212e-03 -0.300     215200
1632390294.75 0.470 3.225e-03 -0.300     216300
1632390296.16 0.470 3.207e-03 -0.300     214837
1632390297.57 0.470 3.210e-03 -0.300     216749
1632390299.00 0.470 3.216e-03 -0.300     216122
1632390300.41 0.470 3.219e-03 -0.300     216468
1632390301.83 0.470 3.213e-03 -0.300     215908
1632390303.24 0.470 3.204e-03 -0.300     215980
1632390304.65 0.470 3.219e-03 -0.300     216281
1632390306.07 0.480 3.233e-03 -0.300     220790
1632390307.49 0.480 3.217e-03 -0.300     221258
1632390308.89 0.480 3.232e-03 -0.300     220964
1632390310.30 0.480 3.239e-03 -0.300     221245
1632390311.71 0.480 3.225e-03 -0.300     219797
1632390313.12 0.480 3.218e-03 -0.300     220628
1632390314.54 0.480 3.228e-03 -0.300     220975
1632390315.95 0.480 3.231e-03 -0.300     220962
1632390317.38 0.480 3.224e-03 -0.300     220464
1632390318.80 0.480 3.225e-03 -0.300     221570
1632390320.23 0.490 3.239e-03 -0.300     225909
1632390321.65 0.490 3.260e-03 -0.300     225761
1632390323.06 0.490 3.239e-03 -0.300     226500
1632390324.47 0.490 3.240e-03 -0.300     225472
1632390325.89 0.490 3.253e-03 -0.300     225581
1632390327.30 0.490 3.240e-03 -0.300     225541
1632390328.71 0.490 3.245e-03 -0.300     225479
1632390330.11 0.490 3.238e-03 -0.300     225683
1632390331.52 0.490 3.246e-03 -0.300     225854
1632390332.94 0.490 3.241e-03 -0.300     225331
1632390334.35 0.500 3.230e-03 -0.300     231847
1632390335.76 0.500 3.264e-03 -0.300     230684
1632390337.17 0.500 3.260e-03 -0.300     230771
1632390338.57 0.500 3.260e-03 -0.300     230863
1632390339.98 0.500 3.250e-03 -0.300     230809
1632390341.40 0.500 3.258e-03 -0.300     231661
1632390342.81 0.500 3.272e-03 -0.300     231599
1632390344.24 0.500 3.254e-03 -0.300     231333
1632390345.65 0.500 3.252e-03 -0.300     230364
1632390347.06 0.500 3.264e-03 -0.300     231045
1632390348.47 0.510 3.255e-03 -0.300     236170
1632390349.87 0.510 3.272e-03 -0.300     236831
1632390351.28 0.510 3.274e-03 -0.300     237019
1632390352.70 0.510 3.273e-03 -0.300     237140
1632390354.12 0.510 3.272e-03 -0.300     237015
1632390355.53 0.510 3.257e-03 -0.300     236414
1632390356.94 0.510 3.273e-03 -0.300     236018
1632390358.34 0.510 3.286e-03 -0.300     237287
1632390359.75 0.510 3.266e-03 -0.300     236968
1632390361.16 0.510 3.264e-03 -0.300     237546
1632390362.58 0.520 3.281e-03 -0.300     244076
1632390363.99 0.520 3.305e-03 -0.300     242740
1632390365.39 0.520 3.285e-03 -0.300     243055
1632390366.81 0.520 3.277e-03 -0.300     243087
1632390368.21 0.520 3.288e-03 -0.300     242522
1632390369.62 0.520 3.290e-03 -0.300     244048
1632390371.04 0.520 3.275e-03 -0.300     243428
1632390372.47 0.520 3.286e-03 -0.300     243204
1632390373.88 0.520 3.293e-03 -0.300     242814
1632390375.30 0.520 3.280e-03 -0.300     242974
1632390376.72 0.530 3.276e-03 -0.300     249338
1632390378.13 0.530 3.309e-03 -0.300     250054
1632390379.54 0.530 3.308e-03 -0.300     250082
1632390380.95 0.530 3.297e-03 -0.300     249881
1632390382.36 0.530 3.279e-03 -0.300     249998
1632390383.78 0.530 3.301e-03 -0.300     248837
1632390385.19 0.530 3.313e-03 -0.300     249153
1632390386.60 0.530 3.297e-03 -0.300     249911
1632390388.02 0.530 3.289e-03 -0.300     249143
1632390389.43 0.530 3.304e-03 -0.300     250119
1632390390.83 0.540 3.299e-03 -0.300     257339
1632390392.25 0.540 3.306e-03 -0.300     256950
1632390393.66 0.540 3.316e-03 -0.300     256670
1632390395.07 0.540 3.314e-03 -0.300     256976
1632390396.48 0.540 3.307e-03 -0.300     255999
1632390397.90 0.540 3.305e-03 -0.300     112518
1632390399.32 0.540 1.000e+10 -0.300          0
1632390400.74 0.540 1.000e+10 -0.300          0
1632390402.14 0.540 1.000e+10 -0.300          0
1632390403.56 0.540 1.000e+10 -0.300          0
