# Time: 2021-09-22 19:18:03.198000
# Computer: 686DR2
# Program commandline: ['console_DE_v4.py', '-att', '31', '-daqloop', '10', '-wl', '1575']
# cwd: C:\Python\de_v3
#
#  NIST Detector:  SMA0
#
# Config
# {'ch': 0, 'sw_pm': 1, 'skip_zero': False, 'measure_cmax': False, 'target_att': 31.0, 'both_pol': False, 'daqloop': 10, 'basefilename': 'C:\\Users\\qittlab/Documents/686DR2/2021_09_22/19_18.dat', 'bias_dict': [0.3, 0.7, 0.01, 0.5], 'take_darks': True, 'use_att': -1, 'cmax_stop': 12.0, 'thresh': 0.5, 'wavelength': 1575, 'readings': 5, 'hysteresis_ch': 4, 'wait_for_att': 3, 'cmax_num': 5, 'use_comparator': True, 'd': 0, 'nocal': False, 'initial_range': 0, 'use_config_att': False, 'thresh_ch': 3, 'sw_det': 2, 'cmax_vstart': 0.4, 'cmax_start': 34.0, 'hysteresis': 4.0, 'max_pol': True, 'counter_time': 1, 'target_rate': 400000, 'nopol': False}
#
#  Dark counts
##########
# scan bias
# case: 10
##########
# Voltage source
##########
# Voltage meter
# Keithley199 dmm; addr: 8
##########
# Counter
# Counter is SR400, gpib: 23
# Counter threshold is -0.3
# Counter slope (0:+, 1:-) is 1.0
# channel: 0
#  time: 1.000000e+00
#####
#  time, vbias, vdmm, thresh, counts
1632359902.02 0.300 2.490e-03 -0.300          0
1632359903.43 0.300 2.906e-03 -0.300          0
1632359904.85 0.300 2.910e-03 -0.300          0
1632359906.26 0.300 2.894e-03 -0.300          0
1632359907.67 0.300 2.896e-03 -0.300          0
1632359909.08 0.300 2.916e-03 -0.300          0
1632359910.50 0.300 2.897e-03 -0.300          0
1632359911.90 0.300 2.887e-03 -0.300          0
1632359913.33 0.300 2.894e-03 -0.300          0
1632359914.75 0.300 2.907e-03 -0.300          0
1632359916.16 0.310 2.896e-03 -0.300          0
1632359917.57 0.310 2.913e-03 -0.300          0
1632359918.98 0.310 2.912e-03 -0.300          0
1632359920.39 0.310 2.908e-03 -0.300          0
1632359921.82 0.310 2.911e-03 -0.300          0
1632359923.24 0.310 2.900e-03 -0.300          0
1632359924.65 0.310 2.922e-03 -0.300          0
1632359926.05 0.310 2.916e-03 -0.300          0
1632359927.47 0.310 2.916e-03 -0.300          0
1632359928.88 0.310 2.915e-03 -0.300          0
1632359930.29 0.320 2.919e-03 -0.300          0
1632359931.72 0.320 2.925e-03 -0.300          0
1632359933.12 0.320 2.918e-03 -0.300          0
1632359934.53 0.320 2.930e-03 -0.300          0
1632359935.94 0.320 2.927e-03 -0.300          0
1632359937.35 0.320 2.921e-03 -0.300          0
1632359938.77 0.320 2.920e-03 -0.300          0
1632359940.18 0.320 2.918e-03 -0.300          0
1632359941.60 0.320 2.935e-03 -0.300          0
1632359943.02 0.320 2.920e-03 -0.300          0
1632359944.43 0.330 2.927e-03 -0.300          0
1632359945.85 0.330 2.951e-03 -0.300          0
1632359947.26 0.330 2.934e-03 -0.300          0
1632359948.67 0.330 2.936e-03 -0.300          0
1632359950.07 0.330 2.939e-03 -0.300          0
1632359951.48 0.330 2.943e-03 -0.300          0
1632359952.88 0.330 2.934e-03 -0.300          0
1632359954.30 0.330 2.936e-03 -0.300          0
1632359955.71 0.330 2.939e-03 -0.300          0
1632359957.12 0.330 2.948e-03 -0.300          0
1632359958.54 0.340 2.935e-03 -0.300          0
1632359959.96 0.340 2.952e-03 -0.300          0
1632359961.37 0.340 2.943e-03 -0.300          0
1632359962.80 0.340 2.969e-03 -0.300          0
1632359964.21 0.340 2.950e-03 -0.300          0
1632359965.63 0.340 2.951e-03 -0.300          0
1632359967.05 0.340 2.954e-03 -0.300          0
1632359968.47 0.340 2.951e-03 -0.300          0
1632359969.88 0.340 2.953e-03 -0.300          0
1632359971.31 0.340 2.956e-03 -0.300          0
1632359972.73 0.350 2.949e-03 -0.300          0
1632359974.15 0.350 2.974e-03 -0.300          0
1632359975.56 0.350 2.959e-03 -0.300          0
1632359976.99 0.350 2.966e-03 -0.300          0
1632359978.40 0.350 2.969e-03 -0.300          0
1632359979.82 0.350 2.964e-03 -0.300          0
1632359981.23 0.350 2.965e-03 -0.300          0
1632359982.63 0.350 2.961e-03 -0.300          0
1632359984.05 0.350 2.967e-03 -0.300          0
1632359985.47 0.350 2.956e-03 -0.300          1
1632359986.88 0.360 2.952e-03 -0.300          0
1632359988.29 0.360 2.973e-03 -0.300          0
1632359989.71 0.360 2.983e-03 -0.300          0
1632359991.11 0.360 2.976e-03 -0.300          2
1632359992.52 0.360 2.966e-03 -0.300          1
1632359993.93 0.360 2.979e-03 -0.300          1
1632359995.35 0.360 2.986e-03 -0.300          1
1632359996.76 0.360 2.978e-03 -0.300          0
1632359998.17 0.360 2.979e-03 -0.300          1
1632359999.59 0.360 2.993e-03 -0.300          0
1632360000.99 0.370 2.979e-03 -0.300          0
1632360002.39 0.370 2.992e-03 -0.300          5
1632360003.82 0.370 2.996e-03 -0.300          0
1632360005.23 0.370 2.999e-03 -0.300          1
1632360006.65 0.370 2.995e-03 -0.300          0
1632360008.06 0.370 2.993e-03 -0.300          1
1632360009.47 0.370 2.995e-03 -0.300          2
1632360010.87 0.370 2.996e-03 -0.300          2
1632360012.28 0.370 2.991e-03 -0.300          0
1632360013.71 0.370 2.993e-03 -0.300          3
1632360015.12 0.380 3.006e-03 -0.300          5
1632360016.54 0.380 3.022e-03 -0.300          4
1632360017.96 0.380 3.000e-03 -0.300          2
1632360019.37 0.380 3.001e-03 -0.300          5
1632360020.78 0.380 3.012e-03 -0.300          6
1632360022.19 0.380 3.001e-03 -0.300          4
1632360023.60 0.380 3.007e-03 -0.300          8
1632360025.02 0.380 3.015e-03 -0.300          7
1632360026.43 0.380 3.017e-03 -0.300          6
1632360027.85 0.380 3.005e-03 -0.300          8
1632360029.27 0.390 3.005e-03 -0.300         26
1632360030.67 0.390 3.030e-03 -0.300         21
1632360032.07 0.390 3.033e-03 -0.300         23
1632360033.48 0.390 3.013e-03 -0.300         13
1632360034.90 0.390 3.005e-03 -0.300         27
1632360036.32 0.390 3.027e-03 -0.300         19
1632360037.74 0.390 3.029e-03 -0.300         20
1632360039.15 0.390 3.017e-03 -0.300         24
1632360040.57 0.390 3.024e-03 -0.300         29
1632360041.99 0.390 3.027e-03 -0.300         25
1632360043.39 0.400 3.017e-03 -0.300         69
1632360044.81 0.400 3.024e-03 -0.300         76
1632360046.23 0.400 3.041e-03 -0.300         61
1632360047.63 0.400 3.045e-03 -0.300         64
1632360049.06 0.400 3.037e-03 -0.300         63
1632360050.48 0.400 3.016e-03 -0.300         82
1632360051.89 0.400 3.032e-03 -0.300         76
1632360053.30 0.400 3.050e-03 -0.300         56
1632360054.72 0.400 3.030e-03 -0.300         51
1632360056.14 0.400 3.033e-03 -0.300         68
1632360057.55 0.410 3.037e-03 -0.300        142
1632360058.97 0.410 3.043e-03 -0.300        129
1632360060.37 0.410 3.047e-03 -0.300        132
1632360061.80 0.410 3.045e-03 -0.300        122
1632360063.21 0.410 3.052e-03 -0.300        156
1632360064.61 0.410 3.046e-03 -0.300         99
1632360066.02 0.410 3.039e-03 -0.300        131
1632360067.42 0.410 3.046e-03 -0.300        119
1632360068.84 0.410 3.059e-03 -0.300        168
1632360070.25 0.410 3.052e-03 -0.300        142
1632360071.66 0.420 3.042e-03 -0.300        272
1632360073.08 0.420 3.061e-03 -0.300        252
1632360074.51 0.420 3.082e-03 -0.300        276
1632360075.92 0.420 3.061e-03 -0.300        270
1632360077.32 0.420 3.065e-03 -0.300        297
1632360078.73 0.420 3.070e-03 -0.300        293
1632360080.14 0.420 3.061e-03 -0.300        269
1632360081.55 0.420 3.066e-03 -0.300        298
1632360082.96 0.420 3.068e-03 -0.300        267
1632360084.37 0.420 3.067e-03 -0.300        252
1632360085.78 0.430 3.061e-03 -0.300        409
1632360087.19 0.430 3.069e-03 -0.300        447
1632360088.61 0.430 3.085e-03 -0.300        440
1632360090.04 0.430 3.090e-03 -0.300        414
1632360091.45 0.430 3.074e-03 -0.300        419
1632360092.86 0.430 3.061e-03 -0.300        427
1632360094.28 0.430 3.077e-03 -0.300        458
1632360095.70 0.430 3.092e-03 -0.300        402
1632360097.11 0.430 3.075e-03 -0.300        390
1632360098.52 0.430 3.076e-03 -0.300        424
1632360099.93 0.440 3.079e-03 -0.300        657
1632360101.35 0.440 3.089e-03 -0.300        677
1632360102.75 0.440 3.092e-03 -0.300        644
1632360104.16 0.440 3.091e-03 -0.300        658
1632360105.58 0.440 3.096e-03 -0.300        652
1632360107.00 0.440 3.094e-03 -0.300        676
1632360108.41 0.440 3.086e-03 -0.300        634
1632360109.83 0.440 3.089e-03 -0.300        672
1632360111.25 0.440 3.099e-03 -0.300        629
1632360112.67 0.440 3.101e-03 -0.300        678
1632360114.08 0.450 3.082e-03 -0.300       1030
1632360115.50 0.450 3.108e-03 -0.300       1042
1632360116.90 0.450 3.119e-03 -0.300       1037
1632360118.32 0.450 3.101e-03 -0.300       1034
1632360119.75 0.450 3.104e-03 -0.300        993
1632360121.16 0.450 3.106e-03 -0.300       1007
1632360122.58 0.450 3.106e-03 -0.300        995
1632360123.99 0.450 3.111e-03 -0.300       1106
1632360125.40 0.450 3.095e-03 -0.300       1008
1632360126.81 0.450 3.106e-03 -0.300       1009
1632360128.23 0.460 3.127e-03 -0.300       1715
1632360129.65 0.460 3.118e-03 -0.300       1761
1632360131.07 0.460 3.120e-03 -0.300       1739
1632360132.48 0.460 3.125e-03 -0.300       1627
1632360133.89 0.460 3.119e-03 -0.300       1766
1632360135.30 0.460 3.111e-03 -0.300       1715
1632360136.73 0.460 3.124e-03 -0.300       1779
1632360138.14 0.460 3.124e-03 -0.300       1759
1632360139.56 0.460 3.119e-03 -0.300       1787
1632360140.97 0.460 3.103e-03 -0.300       1804
1632360142.37 0.470 3.131e-03 -0.300       2930
1632360143.78 0.470 3.149e-03 -0.300       2914
1632360145.19 0.470 3.135e-03 -0.300       2939
1632360146.60 0.470 3.123e-03 -0.300       2934
1632360148.00 0.470 3.145e-03 -0.300       2958
1632360149.41 0.470 3.149e-03 -0.300       2972
1632360150.84 0.470 3.135e-03 -0.300       2934
1632360152.25 0.470 3.137e-03 -0.300       2933
1632360153.66 0.470 3.139e-03 -0.300       2943
1632360155.08 0.470 3.137e-03 -0.300       2907
1632360156.50 0.480 3.125e-03 -0.300       4670
1632360157.91 0.480 3.155e-03 -0.300       4741
1632360159.32 0.480 3.154e-03 -0.300       4693
1632360160.74 0.480 3.145e-03 -0.300       4789
1632360162.15 0.480 3.131e-03 -0.300       4641
1632360163.57 0.480 3.154e-03 -0.300       4806
1632360164.98 0.480 3.163e-03 -0.300       4728
1632360166.39 0.480 3.147e-03 -0.300       4655
1632360167.81 0.480 3.141e-03 -0.300       4634
1632360169.23 0.480 3.152e-03 -0.300       4710
1632360170.63 0.490 3.145e-03 -0.300       7274
1632360172.04 0.490 3.163e-03 -0.300       7288
1632360173.45 0.490 3.167e-03 -0.300       7378
1632360174.87 0.490 3.171e-03 -0.300       7222
1632360176.29 0.490 3.157e-03 -0.300       7162
1632360177.72 0.490 3.149e-03 -0.300       7401
1632360179.13 0.490 3.169e-03 -0.300       7258
1632360180.54 0.490 3.170e-03 -0.300       7535
1632360181.96 0.490 3.169e-03 -0.300       7256
1632360183.37 0.490 3.146e-03 -0.300       7299
1632360184.78 0.500 3.178e-03 -0.300      10704
1632360186.19 0.500 3.195e-03 -0.300      10611
1632360187.60 0.500 3.178e-03 -0.300      10922
1632360189.03 0.500 3.176e-03 -0.300      11054
1632360190.45 0.500 3.181e-03 -0.300      10962
1632360191.87 0.500 3.183e-03 -0.300      10867
1632360193.29 0.500 3.171e-03 -0.300      10960
1632360194.69 0.500 3.178e-03 -0.300      10639
1632360196.11 0.500 3.179e-03 -0.300      10787
1632360197.53 0.500 3.178e-03 -0.300      10912
1632360198.95 0.510 3.184e-03 -0.300      15292
1632360200.36 0.510 3.191e-03 -0.300      15488
1632360201.78 0.510 3.198e-03 -0.300      15447
1632360203.20 0.510 3.189e-03 -0.300      15363
1632360204.62 0.510 3.190e-03 -0.300      15170
1632360206.03 0.510 3.191e-03 -0.300      15284
1632360207.45 0.510 3.194e-03 -0.300      15330
1632360208.86 0.510 3.186e-03 -0.300      15351
1632360210.28 0.510 3.189e-03 -0.300      15573
1632360211.70 0.510 3.193e-03 -0.300      15544
1632360213.10 0.520 3.213e-03 -0.300      20899
1632360214.51 0.520 3.209e-03 -0.300      20793
1632360215.92 0.520 3.195e-03 -0.300      20606
1632360217.34 0.520 3.211e-03 -0.300      20807
1632360218.75 0.520 3.216e-03 -0.300      20781
1632360220.16 0.520 3.207e-03 -0.300      20859
1632360221.57 0.520 3.210e-03 -0.300      20879
1632360222.98 0.520 3.211e-03 -0.300      20760
1632360224.39 0.520 3.202e-03 -0.300      21148
1632360225.81 0.520 3.202e-03 -0.300      20595
1632360227.23 0.530 3.211e-03 -0.300      27193
1632360228.63 0.530 3.231e-03 -0.300      27042
1632360230.05 0.530 3.219e-03 -0.300      27147
1632360231.47 0.530 3.219e-03 -0.300      27163
1632360232.88 0.530 3.219e-03 -0.300      26889
1632360234.30 0.530 3.238e-03 -0.300      27043
1632360235.71 0.530 3.219e-03 -0.300      26844
1632360237.13 0.530 3.211e-03 -0.300      27143
1632360238.55 0.530 3.233e-03 -0.300      27332
1632360239.96 0.530 3.216e-03 -0.300      27036
1632360241.37 0.540 3.219e-03 -0.300      34075
1632360242.78 0.540 3.234e-03 -0.300      34120
1632360244.21 0.540 3.240e-03 -0.300      34333
1632360245.62 0.540 3.236e-03 -0.300      33926
1632360247.03 0.540 3.227e-03 -0.300      33857
1632360248.44 0.540 3.237e-03 -0.300      33905
1632360249.86 0.540 3.251e-03 -0.300      33975
1632360251.28 0.540 3.235e-03 -0.300      33794
1632360252.70 0.540 3.216e-03 -0.300      34064
1632360254.11 0.540 3.236e-03 -0.300      33836
1632360255.53 0.550 3.262e-03 -0.300      41375
1632360256.95 0.550 3.243e-03 -0.300      41268
1632360258.36 0.550 3.247e-03 -0.300      41931
1632360259.78 0.550 3.252e-03 -0.300      41402
1632360261.19 0.550 3.249e-03 -0.300      41684
1632360262.62 0.550 3.249e-03 -0.300      41390
1632360264.03 0.550 3.251e-03 -0.300      41397
1632360265.46 0.550 3.256e-03 -0.300      41427
1632360266.86 0.550 3.255e-03 -0.300      41143
1632360268.27 0.550 3.244e-03 -0.300      41821
1632360269.67 0.560 3.262e-03 -0.300      49168
1632360271.09 0.560 3.276e-03 -0.300       5464
1632360272.49 0.560 1.000e+10 -0.300          0
1632360273.90 0.560 1.000e+10 -0.300          0
1632360275.32 0.560 1.000e+10 -0.300          0
1632360276.75 0.560 1.000e+10 -0.300          0
1632360278.17 0.560 1.000e+10 -0.300          0
1632360279.58 0.560 1.000e+10 -0.300          0
1632360280.99 0.560 1.000e+10 -0.300          0
1632360282.39 0.560 1.000e+10 -0.300          0
#  Light counts
##########
# scan bias
# case: 10
##########
# Voltage source
##########
# Voltage meter
# Keithley199 dmm; addr: 8
##########
# Counter
# Counter is SR400, gpib: 23
# Counter threshold is -0.3
# Counter slope (0:+, 1:-) is 1.0
# channel: 0
#  time: 1.000000e+00
#####
#  time, vbias, vdmm, thresh, counts
1632360912.72 0.300 2.496e-03 -0.300          0
1632360914.14 0.300 2.919e-03 -0.300          0
1632360915.55 0.300 2.899e-03 -0.300          0
1632360916.96 0.300 2.903e-03 -0.300          0
1632360918.37 0.300 2.915e-03 -0.300          0
1632360919.79 0.300 2.910e-03 -0.300          0
1632360921.21 0.300 2.905e-03 -0.300          0
1632360922.61 0.300 2.899e-03 -0.300          0
1632360924.04 0.300 2.912e-03 -0.300          0
1632360925.46 0.300 2.913e-03 -0.300          0
1632360926.88 0.310 2.920e-03 -0.300          0
1632360928.31 0.310 2.917e-03 -0.300          0
1632360929.72 0.310 2.924e-03 -0.300          0
1632360931.13 0.310 2.918e-03 -0.300          0
1632360932.54 0.310 2.908e-03 -0.300          0
1632360933.95 0.310 2.918e-03 -0.300          0
1632360935.37 0.310 2.930e-03 -0.300          0
1632360936.78 0.310 2.912e-03 -0.300          0
1632360938.19 0.310 2.901e-03 -0.300          0
1632360939.61 0.310 2.918e-03 -0.300          0
1632360941.04 0.320 2.950e-03 -0.300          0
1632360942.45 0.320 2.932e-03 -0.300          0
1632360943.86 0.320 2.920e-03 -0.300          0
1632360945.27 0.320 2.938e-03 -0.300          0
1632360946.69 0.320 2.929e-03 -0.300          0
1632360948.10 0.320 2.926e-03 -0.300          0
1632360949.52 0.320 2.936e-03 -0.300          0
1632360950.92 0.320 2.940e-03 -0.300          0
1632360952.34 0.320 2.927e-03 -0.300          0
1632360953.76 0.320 2.924e-03 -0.300          0
1632360955.16 0.330 2.941e-03 -0.300          2
1632360956.58 0.330 2.958e-03 -0.300          1
1632360957.99 0.330 2.950e-03 -0.300          0
1632360959.41 0.330 2.928e-03 -0.300          0
1632360960.82 0.330 2.947e-03 -0.300          3
1632360962.24 0.330 2.959e-03 -0.300          2
1632360963.64 0.330 2.939e-03 -0.300          3
1632360965.05 0.330 2.932e-03 -0.300          1
1632360966.46 0.330 2.946e-03 -0.300          0
1632360967.86 0.330 2.946e-03 -0.300          0
1632360969.28 0.340 2.945e-03 -0.300         22
1632360970.69 0.340 2.957e-03 -0.300         21
1632360972.10 0.340 2.971e-03 -0.300         16
1632360973.51 0.340 2.958e-03 -0.300         23
1632360974.92 0.340 2.949e-03 -0.300         20
1632360976.32 0.340 2.963e-03 -0.300         23
1632360977.74 0.340 2.967e-03 -0.300         23
1632360979.15 0.340 2.963e-03 -0.300         26
1632360980.57 0.340 2.944e-03 -0.300         26
1632360981.99 0.340 2.959e-03 -0.300         17
1632360983.41 0.350 2.991e-03 -0.300        194
1632360984.82 0.350 2.972e-03 -0.300        191
1632360986.23 0.350 2.963e-03 -0.300        191
1632360987.64 0.350 2.979e-03 -0.300        189
1632360989.07 0.350 2.988e-03 -0.300        196
1632360990.47 0.350 2.983e-03 -0.300        195
1632360991.88 0.350 2.976e-03 -0.300        198
1632360993.29 0.350 2.981e-03 -0.300        206
1632360994.71 0.350 2.973e-03 -0.300        204
1632360996.12 0.350 2.966e-03 -0.300        208
1632360997.55 0.360 2.987e-03 -0.300       1405
1632360998.96 0.360 3.000e-03 -0.300       1338
1632361000.37 0.360 2.990e-03 -0.300       1317
1632361001.79 0.360 2.983e-03 -0.300       1324
1632361003.21 0.360 2.992e-03 -0.300       1322
1632361004.61 0.360 3.005e-03 -0.300       1349
1632361006.03 0.360 2.992e-03 -0.300       1386
1632361007.44 0.360 2.987e-03 -0.300       1354
1632361008.85 0.360 3.000e-03 -0.300       1412
1632361010.26 0.360 2.997e-03 -0.300       1266
1632361011.67 0.370 2.988e-03 -0.300       6665
1632361013.09 0.370 3.014e-03 -0.300       6486
1632361014.50 0.370 3.012e-03 -0.300       6603
1632361015.92 0.370 3.016e-03 -0.300       6513
1632361017.33 0.370 3.002e-03 -0.300       6595
1632361018.74 0.370 3.006e-03 -0.300       6501
1632361020.15 0.370 3.024e-03 -0.300       6480
1632361021.57 0.370 3.012e-03 -0.300       6488
1632361022.98 0.370 3.010e-03 -0.300       6423
1632361024.38 0.370 3.017e-03 -0.300       6408
1632361025.81 0.380 3.018e-03 -0.300      21542
1632361027.22 0.380 3.025e-03 -0.300      21607
1632361028.63 0.380 3.025e-03 -0.300      21863
1632361030.06 0.380 3.027e-03 -0.300      21653
1632361031.48 0.380 3.025e-03 -0.300      21575
1632361032.88 0.380 3.030e-03 -0.300      21520
1632361034.30 0.380 3.018e-03 -0.300      21513
1632361035.71 0.380 3.032e-03 -0.300      21763
1632361037.12 0.380 3.044e-03 -0.300      21683
1632361038.53 0.380 3.025e-03 -0.300      21583
1632361039.94 0.390 3.052e-03 -0.300      50227
1632361041.35 0.390 3.050e-03 -0.300      50822
1632361042.76 0.390 3.046e-03 -0.300      50581
1632361044.18 0.390 3.029e-03 -0.300      50367
1632361045.60 0.390 3.050e-03 -0.300      50703
1632361047.02 0.390 3.058e-03 -0.300      50951
1632361048.44 0.390 3.043e-03 -0.300      50784
1632361049.87 0.390 3.043e-03 -0.300      50912
1632361051.28 0.390 3.049e-03 -0.300      50958
1632361052.70 0.390 3.062e-03 -0.300      50798
1632361054.12 0.400 3.056e-03 -0.300      89505
1632361055.53 0.400 3.061e-03 -0.300      89820
1632361056.96 0.400 3.066e-03 -0.300      89885
1632361058.36 0.400 3.054e-03 -0.300      89464
1632361059.78 0.400 3.058e-03 -0.300      89923
1632361061.20 0.400 3.060e-03 -0.300      89679
1632361062.62 0.400 3.065e-03 -0.300      89760
1632361064.04 0.400 3.058e-03 -0.300      89360
1632361065.45 0.400 3.056e-03 -0.300      88960
1632361066.85 0.400 3.064e-03 -0.300      89641
1632361068.26 0.410 3.091e-03 -0.300     126900
1632361069.67 0.410 3.083e-03 -0.300     127446
1632361071.07 0.410 3.060e-03 -0.300     127505
1632361072.50 0.410 3.079e-03 -0.300     127559
1632361073.91 0.410 3.097e-03 -0.300     127381
1632361075.32 0.410 3.078e-03 -0.300     127734
1632361076.73 0.410 3.081e-03 -0.300     127944
1632361078.14 0.410 3.080e-03 -0.300     128499
1632361079.55 0.410 3.083e-03 -0.300     127945
1632361080.97 0.410 3.080e-03 -0.300     127126
1632361082.37 0.420 3.079e-03 -0.300     156805
1632361083.80 0.420 3.100e-03 -0.300     157218
1632361085.21 0.420 3.089e-03 -0.300     156849
1632361086.62 0.420 3.078e-03 -0.300     157105
1632361088.04 0.420 3.102e-03 -0.300     156978
1632361089.45 0.420 3.100e-03 -0.300     157178
1632361090.86 0.420 3.089e-03 -0.300     157686
1632361092.27 0.420 3.078e-03 -0.300     157122
1632361093.68 0.420 3.090e-03 -0.300     157332
1632361095.09 0.420 3.116e-03 -0.300     157437
1632361096.50 0.430 3.105e-03 -0.300     177433
1632361097.91 0.430 3.101e-03 -0.300     177916
1632361099.33 0.430 3.112e-03 -0.300     177703
1632361100.74 0.430 3.105e-03 -0.300     177508
1632361102.15 0.430 3.100e-03 -0.300     177868
1632361103.56 0.430 3.104e-03 -0.300     177736
1632361104.97 0.430 3.109e-03 -0.300     178167
1632361106.38 0.430 3.113e-03 -0.300     178022
1632361107.80 0.430 3.098e-03 -0.300     177387
1632361109.22 0.430 3.110e-03 -0.300     177556
1632361110.63 0.440 3.132e-03 -0.300     192440
1632361112.04 0.440 3.117e-03 -0.300     192230
1632361113.45 0.440 3.106e-03 -0.300     192215
1632361114.86 0.440 3.122e-03 -0.300     192115
1632361116.27 0.440 3.135e-03 -0.300     191990
1632361117.69 0.440 3.123e-03 -0.300     192158
1632361119.11 0.440 3.118e-03 -0.300     191637
1632361120.52 0.440 3.120e-03 -0.300     192356
1632361121.93 0.440 3.132e-03 -0.300     191704
1632361123.34 0.440 3.122e-03 -0.300     191873
1632361124.75 0.450 3.116e-03 -0.300     202514
1632361126.16 0.450 3.139e-03 -0.300     201711
1632361127.58 0.450 3.136e-03 -0.300     202379
1632361129.00 0.450 3.122e-03 -0.300     202278
1632361130.41 0.450 3.136e-03 -0.300     201829
1632361131.83 0.450 3.145e-03 -0.300     202493
1632361133.24 0.450 3.135e-03 -0.300     202347
1632361134.66 0.450 3.122e-03 -0.300     202313
1632361136.08 0.450 3.137e-03 -0.300     202308
1632361137.49 0.450 3.143e-03 -0.300     201752
1632361138.89 0.460 3.139e-03 -0.300     210631
1632361140.31 0.460 3.148e-03 -0.300     209163
1632361141.73 0.460 3.154e-03 -0.300     210945
1632361143.14 0.460 3.158e-03 -0.300     209677
1632361144.56 0.460 3.148e-03 -0.300     209646
1632361145.97 0.460 3.152e-03 -0.300     209669
1632361147.38 0.460 3.147e-03 -0.300     209727
1632361148.80 0.460 3.160e-03 -0.300     209769
1632361150.22 0.460 3.149e-03 -0.300     208900
1632361151.63 0.460 3.153e-03 -0.300     209635
1632361153.05 0.470 3.179e-03 -0.300     216029
1632361154.46 0.470 3.163e-03 -0.300     215175
1632361155.87 0.470 3.155e-03 -0.300     214956
1632361157.29 0.470 3.171e-03 -0.300     214697
1632361158.70 0.470 3.174e-03 -0.300     215030
1632361160.11 0.470 3.162e-03 -0.300     215075
1632361161.52 0.470 3.165e-03 -0.300     215154
1632361162.93 0.470 3.166e-03 -0.300     214797
1632361164.35 0.470 3.168e-03 -0.300     215214
1632361165.76 0.470 3.170e-03 -0.300     215730
1632361167.17 0.480 3.164e-03 -0.300     219538
1632361168.59 0.480 3.184e-03 -0.300     220842
1632361170.01 0.480 3.200e-03 -0.300     220037
1632361171.42 0.480 3.182e-03 -0.300     220250
1632361172.83 0.480 3.181e-03 -0.300     220167
1632361174.25 0.480 3.185e-03 -0.300     220504
1632361175.65 0.480 3.175e-03 -0.300     220908
1632361177.06 0.480 3.162e-03 -0.300     220445
1632361178.47 0.480 3.190e-03 -0.300     220180
1632361179.89 0.480 3.189e-03 -0.300     219464
1632361181.31 0.490 3.185e-03 -0.300     225707
1632361182.73 0.490 3.196e-03 -0.300     225543
1632361184.14 0.490 3.196e-03 -0.300     225228
1632361185.55 0.490 3.211e-03 -0.300     225938
1632361186.97 0.490 3.194e-03 -0.300     225363
1632361188.38 0.490 3.188e-03 -0.300     225690
1632361189.79 0.490 3.200e-03 -0.300     225408
1632361191.20 0.490 3.213e-03 -0.300     226021
1632361192.61 0.490 3.198e-03 -0.300     224855
1632361194.03 0.490 3.202e-03 -0.300     225671
1632361195.44 0.500 3.200e-03 -0.300     230612
1632361196.85 0.500 3.207e-03 -0.300     230692
1632361198.28 0.500 3.204e-03 -0.300     231040
1632361199.69 0.500 3.217e-03 -0.300     230795
1632361201.11 0.500 3.216e-03 -0.300     230430
1632361202.52 0.500 3.204e-03 -0.300     230851
1632361203.92 0.500 3.186e-03 -0.300     230724
1632361205.34 0.500 3.216e-03 -0.300     230344
1632361206.75 0.500 3.223e-03 -0.300     230869
1632361208.17 0.500 3.202e-03 -0.300     230847
1632361209.59 0.510 3.219e-03 -0.300     236439
1632361211.01 0.510 3.227e-03 -0.300     237245
1632361212.42 0.510 3.218e-03 -0.300     236047
1632361213.84 0.510 3.224e-03 -0.300     235961
1632361215.26 0.510 3.227e-03 -0.300     237009
1632361216.67 0.510 3.226e-03 -0.300     236975
1632361218.09 0.510 3.219e-03 -0.300     235984
1632361219.51 0.510 3.216e-03 -0.300     237206
1632361220.93 0.510 3.220e-03 -0.300     236984
1632361222.35 0.510 3.231e-03 -0.300     237166
1632361223.76 0.520 3.239e-03 -0.300     242164
1632361225.16 0.520 3.231e-03 -0.300     242029
1632361226.57 0.520 3.243e-03 -0.300     242850
1632361227.98 0.520 3.251e-03 -0.300     242925
1632361229.38 0.520 3.239e-03 -0.300     242975
1632361230.79 0.520 3.234e-03 -0.300     242505
1632361232.21 0.520 3.244e-03 -0.300     242917
1632361233.63 0.520 3.242e-03 -0.300     242511
1632361235.06 0.520 3.238e-03 -0.300     243006
1632361236.47 0.520 3.235e-03 -0.300     242319
1632361237.88 0.530 3.263e-03 -0.300     249150
1632361239.29 0.530 3.257e-03 -0.300     249378
1632361240.70 0.530 3.245e-03 -0.300     250277
1632361242.11 0.530 3.250e-03 -0.300     248854
1632361243.54 0.530 3.265e-03 -0.300     248982
1632361244.96 0.530 3.252e-03 -0.300     249673
1632361246.36 0.530 3.244e-03 -0.300       5019
1632361247.78 0.530 1.000e+10 -0.300          0
1632361249.19 0.530 1.000e+10 -0.300          0
1632361250.60 0.530 1.000e+10 -0.300          0
