   8.0000000e+02   3.3619727e+00   5.2981205e+00
   8.0100000e+02   3.3628177e+00   5.2986671e+00
   8.0200000e+02   3.3636548e+00   5.2992320e+00
   8.0300000e+02   3.3644917e+00   5.2997984e+00
   8.0400000e+02   3.3653385e+00   5.3003680e+00
   8.0500000e+02   3.3661670e+00   5.3009252e+00
   8.0600000e+02   3.3669990e+00   5.3014928e+00
   8.0700000e+02   3.3678419e+00   5.3020562e+00
   8.0800000e+02   3.3686756e+00   5.3025980e+00
   8.0900000e+02   3.3695034e+00   5.3031465e+00
   8.1000000e+02   3.3703290e+00   5.3036934e+00
   8.1100000e+02   3.3711635e+00   5.3042370e+00
   8.1200000e+02   3.3720007e+00   5.3047803e+00
   8.1300000e+02   3.3728356e+00   5.3053258e+00
   8.1400000e+02   3.3736654e+00   5.3058746e+00
   8.1500000e+02   3.3745044e+00   5.3064254e+00
   8.1600000e+02   3.3753333e+00   5.3069699e+00
   8.1700000e+02   3.3761639e+00   5.3075154e+00
   8.1800000e+02   3.3769966e+00   5.3080532e+00
   8.1900000e+02   3.3778376e+00   5.3085911e+00
   8.2000000e+02   3.3786801e+00   5.3091289e+00
   8.2100000e+02   3.3795362e+00   5.3096720e+00
   8.2200000e+02   3.3803762e+00   5.3102245e+00
   8.2300000e+02   3.3812092e+00   5.3107598e+00
   8.2400000e+02   3.3820535e+00   5.3113245e+00
   8.2500000e+02   3.3829063e+00   5.3118787e+00
   8.2600000e+02   3.3837548e+00   5.3124267e+00
   8.2700000e+02   3.3845968e+00   5.3129813e+00
   8.2800000e+02   3.3854319e+00   5.3135379e+00
   8.2900000e+02   3.3862872e+00   5.3140930e+00
   8.3000000e+02   3.3871364e+00   5.3146529e+00
   8.3100000e+02   3.3879965e+00   5.3152144e+00
   8.3200000e+02   3.3888747e+00   5.3157768e+00
   8.3300000e+02   3.3897244e+00   5.3163421e+00
   8.3400000e+02   3.3905733e+00   5.3169100e+00
   8.3500000e+02   3.3914291e+00   5.3174789e+00
   8.3600000e+02   3.3922826e+00   5.3180501e+00
   8.3700000e+02   3.3931360e+00   5.3186228e+00
   8.3800000e+02   3.3939914e+00   5.3192007e+00
   8.3900000e+02   3.3948344e+00   5.3197803e+00
   8.4000000e+02   3.3956912e+00   5.3203566e+00
   8.4100000e+02   3.3965426e+00   5.3209352e+00
   8.4200000e+02   3.3973946e+00   5.3215198e+00
   8.4300000e+02   3.3982507e+00   5.3221057e+00
   8.4400000e+02   3.3991007e+00   5.3226996e+00
   8.4500000e+02   3.3999507e+00   5.3232959e+00
   8.4600000e+02   3.4007819e+00   5.3238742e+00
   8.4700000e+02   3.4016145e+00   5.3244743e+00
   8.4800000e+02   3.4024383e+00   5.3250706e+00
   8.4900000e+02   3.4032749e+00   5.3256671e+00
   8.5000000e+02   3.4041074e+00   5.3262485e+00
   8.5100000e+02   3.4049367e+00   5.3268451e+00
   8.5200000e+02   3.4057651e+00   5.3274437e+00
   8.5300000e+02   3.4065749e+00   5.3280348e+00
   8.5400000e+02   3.4073928e+00   5.3286398e+00
   8.5500000e+02   3.4082105e+00   5.3292296e+00
   8.5600000e+02   3.4090238e+00   5.3298260e+00
   8.5700000e+02   3.4098291e+00   5.3304310e+00
   8.5800000e+02   3.4106415e+00   5.3310368e+00
   8.5900000e+02   3.4114639e+00   5.3316437e+00
   8.6000000e+02   3.4122724e+00   5.3322324e+00
   8.6100000e+02   3.4130772e+00   5.3328268e+00
   8.6200000e+02   3.4138860e+00   5.3334326e+00
   8.6300000e+02   3.4147057e+00   5.3340396e+00
   8.6400000e+02   3.4155110e+00   5.3346362e+00
   8.6500000e+02   3.4163121e+00   5.3352417e+00
   8.6600000e+02   3.4171215e+00   5.3358473e+00
   8.6700000e+02   3.4179227e+00   5.3364557e+00
   8.6800000e+02   3.4187286e+00   5.3419841e+00
   8.6900000e+02   3.4195277e+00   5.3425795e+00
   8.7000000e+02   3.4203251e+00   5.3431734e+00
   8.7100000e+02   3.4211208e+00   5.3437664e+00
   8.7200000e+02   3.4219159e+00   5.3443600e+00
   8.7300000e+02   3.4227250e+00   5.3449572e+00
   8.7400000e+02   3.4235115e+00   5.3455476e+00
   8.7500000e+02   3.4243113e+00   5.3461403e+00
   8.7600000e+02   3.4251028e+00   5.3467373e+00
   8.7700000e+02   3.4258996e+00   5.3473344e+00
   8.7800000e+02   3.4267051e+00   5.3479303e+00
   8.7900000e+02   3.4275113e+00   5.3485228e+00
   8.8000000e+02   3.4283213e+00   5.3491170e+00
   8.8100000e+02   3.4291370e+00   5.3497030e+00
   8.8200000e+02   3.4299381e+00   5.3502892e+00
   8.8300000e+02   3.4307393e+00   5.3508850e+00
   8.8400000e+02   3.4315423e+00   5.3514787e+00
   8.8500000e+02   3.4323449e+00   5.3520685e+00
   8.8600000e+02   3.4331595e+00   5.3526553e+00
   8.8700000e+02   3.4339557e+00   5.3532379e+00
   8.8800000e+02   3.4347607e+00   5.3538165e+00
   8.8900000e+02   3.4355650e+00   5.3543990e+00
   8.9000000e+02   3.4363551e+00   5.3549775e+00
   8.9100000e+02   3.4371436e+00   5.3555466e+00
   8.9200000e+02   3.4379291e+00   5.3561198e+00
   8.9300000e+02   3.4387235e+00   5.3566928e+00
   8.9400000e+02   3.4395096e+00   5.3572691e+00
   8.9500000e+02   3.4402898e+00   5.3578362e+00
   8.9600000e+02   3.4410963e+00   5.3583934e+00
   8.9700000e+02   3.4418946e+00   5.3589639e+00
   8.9800000e+02   3.4426948e+00   5.3595169e+00
   8.9900000e+02   3.4434982e+00   5.3600769e+00
   9.0000000e+02   3.4443020e+00   5.3606393e+00
   9.0100000e+02   3.4451027e+00   5.3611997e+00
   9.0200000e+02   3.4458993e+00   5.3617554e+00
   9.0300000e+02   3.4466927e+00   5.3623083e+00
   9.0400000e+02   3.4474940e+00   5.3628633e+00
   9.0500000e+02   3.4482940e+00   5.3634236e+00
   9.0600000e+02   3.4491032e+00   5.3639821e+00
   9.0700000e+02   3.4499119e+00   5.3645424e+00
   9.0800000e+02   3.4507209e+00   5.3651056e+00
   9.0900000e+02   3.4515237e+00   5.3656655e+00
   9.1000000e+02   3.4523152e+00   5.3662324e+00
   9.1100000e+02   3.4531277e+00   5.3667894e+00
   9.1200000e+02   3.4539051e+00   5.3673660e+00
   9.1300000e+02   3.4546943e+00   5.3679310e+00
   9.1400000e+02   3.4554924e+00   5.3685015e+00
   9.1500000e+02   3.4562827e+00   5.3690773e+00
   9.1600000e+02   3.4570707e+00   5.3696626e+00
   9.1700000e+02   3.4578611e+00   5.3702431e+00
   9.1800000e+02   3.4586458e+00   5.3708305e+00
   9.1900000e+02   3.4594289e+00   5.3714293e+00
   9.2000000e+02   3.4602114e+00   5.3720316e+00
   9.2100000e+02   3.4609908e+00   5.3726288e+00
   9.2200000e+02   3.4617673e+00   5.3732303e+00
   9.2300000e+02   3.4625431e+00   5.3738429e+00
   9.2400000e+02   3.4633165e+00   5.3744580e+00
   9.2500000e+02   3.4640885e+00   5.3750735e+00
   9.2600000e+02   3.4648546e+00   5.3756977e+00
   9.2700000e+02   3.4656191e+00   5.3763214e+00
   9.2800000e+02   3.4663879e+00   5.3769507e+00
   9.2900000e+02   3.4671545e+00   5.3775946e+00
   9.3000000e+02   3.4679144e+00   5.3782290e+00
   9.3100000e+02   3.4686730e+00   5.3788753e+00
   9.3200000e+02   3.4694217e+00   5.3795161e+00
   9.3300000e+02   3.4701687e+00   5.3801586e+00
   9.3400000e+02   3.4709381e+00   5.3808080e+00
   9.3500000e+02   3.4716815e+00   5.3814588e+00
   9.3600000e+02   3.4724303e+00   5.3821128e+00
   9.3700000e+02   3.4731792e+00   5.3827713e+00
   9.3800000e+02   3.4739476e+00   5.3834273e+00
   9.3900000e+02   3.4746976e+00   5.3840856e+00
   9.4000000e+02   3.4754462e+00   5.3847507e+00
   9.4100000e+02   3.4762040e+00   5.3854308e+00
   9.4200000e+02   3.4769452e+00   5.3860947e+00
   9.4300000e+02   3.4777052e+00   5.3867740e+00
   9.4400000e+02   3.4784583e+00   5.3874340e+00
   9.4500000e+02   3.4792012e+00   5.3881219e+00
   9.4600000e+02   3.4799441e+00   5.3887717e+00
   9.4700000e+02   3.4806855e+00   5.3894461e+00
   9.4800000e+02   3.4814510e+00   5.3901194e+00
   9.4900000e+02   3.4822087e+00   5.3907925e+00
   9.5000000e+02   3.4829530e+00   5.3914651e+00
   9.5100000e+02   3.4836960e+00   5.3921423e+00
   9.5200000e+02   3.4844519e+00   5.3928222e+00
   9.5300000e+02   3.4851978e+00   5.3934936e+00
   9.5400000e+02   3.4859439e+00   5.3941664e+00
   9.5500000e+02   3.4866868e+00   5.3948395e+00
   9.5600000e+02   3.4826708e+00   5.3955056e+00
   9.5700000e+02   3.4834264e+00   5.3961792e+00
   9.5800000e+02   3.4841837e+00   5.3968498e+00
   9.5900000e+02   3.4849429e+00   5.3975106e+00
   9.6000000e+02   3.4857016e+00   5.3981746e+00
   9.6100000e+02   3.4864564e+00   5.3988411e+00
   9.6200000e+02   3.4872196e+00   5.3995023e+00
   9.6300000e+02   3.4879799e+00   5.4001655e+00
   9.6400000e+02   3.4887351e+00   5.4008201e+00
   9.6500000e+02   3.4894902e+00   5.4014756e+00
   9.6600000e+02   3.4902468e+00   5.4021260e+00
   9.6700000e+02   3.4910073e+00   5.4027865e+00
   9.6800000e+02   3.4917655e+00   5.4034335e+00
   9.6900000e+02   3.4925334e+00   5.4040783e+00
   9.7000000e+02   3.4933002e+00   5.4047159e+00
   9.7100000e+02   3.4940554e+00   5.4053545e+00
   9.7200000e+02   3.4948128e+00   5.4059954e+00
   9.7300000e+02   3.4955740e+00   5.4066230e+00
   9.7400000e+02   3.4963387e+00   5.4072503e+00
   9.7500000e+02   3.4971080e+00   5.4078792e+00
   9.7600000e+02   3.4978813e+00   5.4085072e+00
   9.7700000e+02   3.4986491e+00   5.4091342e+00
   9.7800000e+02   3.5001804e+00   5.4097598e+00
   9.7900000e+02   3.5017199e+00   5.4103843e+00
   9.8000000e+02   3.5032598e+00   5.4110087e+00
   9.8100000e+02   3.5047924e+00   5.4116280e+00
   9.8200000e+02   3.5063204e+00   5.4122590e+00
   9.8300000e+02   3.5078597e+00   5.4128791e+00
   9.8400000e+02   3.5094127e+00   5.4135015e+00
   9.8500000e+02   3.5109502e+00   5.4141270e+00
   9.8600000e+02   3.5125074e+00   5.4147516e+00
   9.8700000e+02   3.5140580e+00   5.4153928e+00
   9.8800000e+02   3.5156005e+00   5.4160156e+00
   9.8900000e+02   3.5171442e+00   5.4166436e+00
   9.9000000e+02   3.5186955e+00   5.4172693e+00
   9.9100000e+02   3.5202505e+00   5.4179017e+00
   9.9200000e+02   3.5218047e+00   5.4185323e+00
   9.9300000e+02   3.5233525e+00   5.4191650e+00
   9.9400000e+02   3.5249041e+00   5.4198084e+00
   9.9500000e+02   3.5264516e+00   5.4204496e+00
   9.9600000e+02   3.5279997e+00   5.4210934e+00
   9.9700000e+02   3.5295542e+00   5.4217293e+00
   9.9800000e+02   3.5310988e+00   5.4223783e+00
   9.9900000e+02   3.5326590e+00   5.4230279e+00
   1.0000000e+03   3.5341986e+00   5.4236860e+00
   1.0010000e+03   3.5357557e+00   5.4243426e+00
   1.0020000e+03   3.5373083e+00   5.4250170e+00
   1.0030000e+03   3.5388569e+00   5.4256831e+00
   1.0040000e+03   3.5403971e+00   5.4263455e+00
   1.0050000e+03   3.5419450e+00   5.4270176e+00
   1.0060000e+03   3.5434928e+00   5.4276867e+00
   1.0070000e+03   3.5450311e+00   5.4283638e+00
   1.0080000e+03   3.5465610e+00   5.4290418e+00
   1.0090000e+03   3.5480999e+00   5.4297166e+00
   1.0100000e+03   3.5496410e+00   5.4304003e+00
   1.0110000e+03   3.5511667e+00   5.4310868e+00
   1.0120000e+03   3.5526935e+00   5.4317749e+00
   1.0130000e+03   3.5542240e+00   5.4324567e+00
   1.0140000e+03   3.5557475e+00   5.4331399e+00
   1.0150000e+03   3.5572737e+00   5.4338266e+00
   1.0160000e+03   3.5587979e+00   5.4345132e+00
   1.0170000e+03   3.5603084e+00   5.4352006e+00
   1.0180000e+03   3.5618292e+00   5.4358873e+00
   1.0190000e+03   3.5633373e+00   5.4365752e+00
   1.0200000e+03   3.5648587e+00   5.4372632e+00
   1.0210000e+03   3.5663805e+00   5.4379490e+00
   1.0220000e+03   3.5678970e+00   5.4386348e+00
   1.0230000e+03   3.5694187e+00   5.4393208e+00
   1.0240000e+03   3.5709305e+00   5.4400031e+00
   1.0250000e+03   3.5724488e+00   5.4406838e+00
   1.0260000e+03   3.5739712e+00   5.4413640e+00
   1.0270000e+03   3.5754896e+00   5.4420430e+00
   1.0280000e+03   3.5769966e+00   5.4427101e+00
   1.0290000e+03   3.5784880e+00   5.4433865e+00
   1.0300000e+03   3.5800036e+00   5.4440702e+00
   1.0310000e+03   3.5815002e+00   5.4447481e+00
   1.0320000e+03   3.5830245e+00   5.4454241e+00
   1.0330000e+03   3.5845148e+00   5.4460898e+00
   1.0340000e+03   3.5860650e+00   5.4467555e+00
   1.0350000e+03   3.5875809e+00   5.4474291e+00
   1.0360000e+03   3.5890974e+00   5.4480929e+00
   1.0370000e+03   3.5906202e+00   5.4487591e+00
   1.0380000e+03   3.5921453e+00   5.4494227e+00
   1.0390000e+03   3.5936629e+00   5.4500906e+00
   1.0400000e+03   3.5951781e+00   5.4507547e+00
   1.0410000e+03   3.5967073e+00   5.4514143e+00
   1.0420000e+03   3.5982363e+00   5.4520736e+00
   1.0430000e+03   3.5997647e+00   5.4527344e+00
   1.0440000e+03   3.6013035e+00   5.4533929e+00
   1.0450000e+03   3.6028308e+00   5.4540441e+00
   1.0460000e+03   3.6043613e+00   5.4546977e+00
   1.0470000e+03   3.6059073e+00   5.4553517e+00
   1.0480000e+03   3.6074509e+00   5.4560084e+00
   1.0490000e+03   3.6089953e+00   5.4566633e+00
   1.0500000e+03   3.6105409e+00   5.4573223e+00
   1.0510000e+03   3.6120852e+00   5.4579804e+00
   1.0520000e+03   3.6136445e+00   5.4586373e+00
   1.0530000e+03   3.6151991e+00   5.4592936e+00
   1.0540000e+03   3.6167544e+00   5.4599449e+00
   1.0550000e+03   3.6182843e+00   5.4606000e+00
   1.0560000e+03   3.6198361e+00   5.4612511e+00
   1.0570000e+03   3.6213844e+00   5.4618954e+00
   1.0580000e+03   3.6229416e+00   5.4625547e+00
   1.0590000e+03   3.6244957e+00   5.4632119e+00
   1.0600000e+03   3.6260399e+00   5.4638670e+00
   1.0610000e+03   3.6275979e+00   5.4645161e+00
   1.0620000e+03   3.6291497e+00   5.4651662e+00
   1.0630000e+03   3.6306959e+00   5.4658186e+00
   1.0640000e+03   3.6322346e+00   5.4664752e+00
   1.0650000e+03   3.6337746e+00   5.4671252e+00
   1.0660000e+03   3.6353046e+00   5.4677756e+00
   1.0670000e+03   3.6368175e+00   5.4690533e+00
   1.0680000e+03   3.6383336e+00   5.4703298e+00
   1.0690000e+03   3.6398537e+00   5.4716040e+00
   1.0700000e+03   3.6413472e+00   5.4728801e+00
   1.0710000e+03   3.6428479e+00   5.4741600e+00
   1.0720000e+03   3.6443374e+00   5.4754379e+00
   1.0730000e+03   3.6458144e+00   5.4767096e+00
   1.0740000e+03   3.6472861e+00   5.4779825e+00
   1.0750000e+03   3.6487275e+00   5.4792519e+00
   1.0760000e+03   3.6501974e+00   5.4805278e+00
   1.0770000e+03   3.6516502e+00   5.4818079e+00
   1.0780000e+03   3.6531000e+00   5.4830951e+00
   1.0790000e+03   3.6545387e+00   5.4843774e+00
   1.0800000e+03   3.6559858e+00   5.4856576e+00
   1.0810000e+03   3.6574197e+00   5.4869386e+00
   1.0820000e+03   3.6588387e+00   5.4882224e+00
   1.0830000e+03   3.6602542e+00   5.4895138e+00
   1.0840000e+03   3.6616615e+00   5.4908202e+00
   1.0850000e+03   3.6630913e+00   5.4921211e+00
   1.0860000e+03   3.6644877e+00   5.4934228e+00
   1.0870000e+03   3.6658924e+00   5.4947273e+00
   1.0880000e+03   3.6672735e+00   5.4960322e+00
   1.0890000e+03   3.6686495e+00   5.4973394e+00
   1.0900000e+03   3.6700069e+00   5.4986556e+00
   1.0910000e+03   3.6713818e+00   5.4999742e+00
   1.0920000e+03   3.6727576e+00   5.5012939e+00
   1.0930000e+03   3.6741169e+00   5.5026168e+00
   1.0940000e+03   3.6754817e+00   5.5039516e+00
   1.0950000e+03   3.6768370e+00   5.5052797e+00
   1.0960000e+03   3.6781886e+00   5.5066143e+00
   1.0970000e+03   3.6795451e+00   5.5079479e+00
   1.0980000e+03   3.6808913e+00   5.5092834e+00
   1.0990000e+03   3.6822402e+00   5.5106130e+00
   1.1000000e+03   3.6835721e+00   5.5119530e+00
   1.1010000e+03   3.6849240e+00   5.5132944e+00
   1.1020000e+03   3.6862791e+00   5.5146382e+00
   1.1030000e+03   3.6876213e+00   5.5159835e+00
   1.1040000e+03   3.6889702e+00   5.5173252e+00
   1.1050000e+03   3.6903166e+00   5.5186713e+00
   1.1060000e+03   3.6916681e+00   5.5200084e+00
   1.1070000e+03   3.6930185e+00   5.5213549e+00
   1.1080000e+03   3.6943662e+00   5.5227092e+00
   1.1090000e+03   3.6957134e+00   5.5240602e+00
   1.1100000e+03   3.6970640e+00   5.5254043e+00
   1.1110000e+03   3.6984168e+00   5.5267485e+00
   1.1120000e+03   3.6997689e+00   5.5280923e+00
   1.1130000e+03   3.7011231e+00   5.5294453e+00
   1.1140000e+03   3.7024828e+00   5.5307925e+00
   1.1150000e+03   3.7038439e+00   5.5321420e+00
   1.1160000e+03   3.7052187e+00   5.5334921e+00
   1.1170000e+03   3.7065782e+00   5.5348624e+00
   1.1180000e+03   3.7079180e+00   5.5362153e+00
   1.1190000e+03   3.7092747e+00   5.5375622e+00
   1.1200000e+03   3.7106261e+00   5.5389082e+00
   1.1210000e+03   3.7119941e+00   5.5402553e+00
   1.1220000e+03   3.7133528e+00   5.5416015e+00
   1.1230000e+03   3.7147034e+00   5.5429339e+00
   1.1240000e+03   3.7160637e+00   5.5442649e+00
   1.1250000e+03   3.7174226e+00   5.5456034e+00
   1.1260000e+03   3.7187793e+00   5.5469288e+00
   1.1270000e+03   3.7201263e+00   5.5482503e+00
   1.1280000e+03   3.7214816e+00   5.5495670e+00
   1.1290000e+03   3.7228409e+00   5.5508786e+00
   1.1300000e+03   3.7241971e+00   5.5521779e+00
   1.1310000e+03   3.7255445e+00   5.5534749e+00
   1.1320000e+03   3.7268965e+00   5.5547817e+00
   1.1330000e+03   3.7282630e+00   5.5560731e+00
   1.1340000e+03   3.7296219e+00   5.5573756e+00
   1.1350000e+03   3.7309791e+00   5.5586615e+00
   1.1360000e+03   3.7323315e+00   5.5599512e+00
   1.1370000e+03   3.7336830e+00   5.5612288e+00
   1.1380000e+03   3.7350271e+00   5.5625036e+00
   1.1390000e+03   3.7363808e+00   5.5637722e+00
   1.1400000e+03   3.7377333e+00   5.5650296e+00
   1.1410000e+03   3.7390874e+00   5.5662815e+00
   1.1420000e+03   3.7404486e+00   5.5675354e+00
   1.1430000e+03   3.7418072e+00   5.5688002e+00
   1.1440000e+03   3.7431705e+00   5.5700625e+00
   1.1450000e+03   3.7445450e+00   5.5713123e+00
   1.1460000e+03   3.7458897e+00   5.5725699e+00
   1.1470000e+03   3.7472431e+00   5.5738369e+00
   1.1480000e+03   3.7486016e+00   5.5750901e+00
   1.1490000e+03   3.7499687e+00   5.5763391e+00
   1.1500000e+03   3.7513345e+00   5.5775987e+00
   1.1510000e+03   3.7526957e+00   5.5788550e+00
   1.1520000e+03   3.7540452e+00   5.5801140e+00
   1.1530000e+03   3.7554174e+00   5.5813827e+00
   1.1540000e+03   3.7567852e+00   5.5826457e+00
   1.1550000e+03   3.7581468e+00   5.5839202e+00
   1.1560000e+03   3.7595093e+00   5.5852100e+00
   1.1570000e+03   3.7608646e+00   5.5864946e+00
   1.1580000e+03   3.7622225e+00   5.5877807e+00
   1.1590000e+03   3.7635631e+00   5.5890740e+00
   1.1600000e+03   3.7649102e+00   5.5903897e+00
   1.1610000e+03   3.7662587e+00   5.5916933e+00
   1.1620000e+03   3.7675934e+00   5.5930205e+00
   1.1630000e+03   3.7689370e+00   5.5943511e+00
   1.1640000e+03   3.7702655e+00   5.5956741e+00
   1.1650000e+03   3.7715923e+00   5.5970052e+00
   1.1660000e+03   3.7729014e+00   5.5983488e+00
   1.1670000e+03   3.7742142e+00   5.5997006e+00
   1.1680000e+03   3.7755299e+00   5.6010549e+00
   1.1690000e+03   3.7768432e+00   5.6024155e+00
   1.1700000e+03   3.7781446e+00   5.6037803e+00
   1.1710000e+03   3.7794356e+00   5.6051493e+00
   1.1720000e+03   3.7807029e+00   5.6065258e+00
   1.1730000e+03   3.7819730e+00   5.6079058e+00
   1.1740000e+03   3.7832348e+00   5.6092968e+00
   1.1750000e+03   3.7844937e+00   5.6106868e+00
   1.1760000e+03   3.7857424e+00   5.6120768e+00
   1.1770000e+03   3.7869909e+00   5.6134785e+00
   1.1780000e+03   3.7882271e+00   5.6148992e+00
   1.1790000e+03   3.7894512e+00   5.6163082e+00
   1.1800000e+03   3.7906683e+00   5.6177258e+00
   1.1810000e+03   3.7918793e+00   5.6191520e+00
   1.1820000e+03   3.7930742e+00   5.6205811e+00
   1.1830000e+03   3.7942757e+00   5.6220078e+00
   1.1840000e+03   3.7954493e+00   5.6234431e+00
   1.1850000e+03   3.7966384e+00   5.6248702e+00
   1.1860000e+03   3.7978181e+00   5.6263189e+00
   1.1870000e+03   3.7989886e+00   5.6277644e+00
   1.1880000e+03   3.8001633e+00   5.6292119e+00
   1.1890000e+03   3.8013333e+00   5.6306713e+00
   1.1900000e+03   3.8024930e+00   5.6321263e+00
   1.1910000e+03   3.8036480e+00   5.6335849e+00
   1.1920000e+03   3.8048102e+00   5.6350493e+00
   1.1930000e+03   3.8059590e+00   5.6365145e+00
   1.1940000e+03   3.8071246e+00   5.6379874e+00
   1.1950000e+03   3.8082731e+00   5.6394654e+00
   1.1960000e+03   3.8094091e+00   5.6409380e+00
   1.1970000e+03   3.8105451e+00   5.6424287e+00
   1.1980000e+03   3.8116901e+00   5.6439222e+00
   1.1990000e+03   3.8128351e+00   5.6454116e+00
   1.2000000e+03   3.8139692e+00   5.6469054e+00
   1.2010000e+03   3.8151127e+00   5.6484044e+00
   1.2020000e+03   3.8162482e+00   5.6499032e+00
   1.2030000e+03   3.8173858e+00   5.6514035e+00
   1.2040000e+03   3.8185172e+00   5.6529162e+00
   1.2050000e+03   3.8196196e+00   5.6544312e+00
   1.2060000e+03   3.8207476e+00   5.6559357e+00
   1.2070000e+03   3.8218847e+00   5.6574578e+00
   1.2080000e+03   3.8230310e+00   5.6589755e+00
   1.2090000e+03   3.8241692e+00   5.6605094e+00
   1.2100000e+03   3.8253024e+00   5.6620315e+00
   1.2110000e+03   3.8264510e+00   5.6635606e+00
   1.2120000e+03   3.8276046e+00   5.6650873e+00
   1.2130000e+03   3.8287400e+00   5.6666208e+00
   1.2140000e+03   3.8298802e+00   5.6681510e+00
   1.2150000e+03   3.8310316e+00   5.6696940e+00
   1.2160000e+03   3.8321927e+00   5.6712367e+00
   1.2170000e+03   3.8333542e+00   5.6727814e+00
   1.2180000e+03   3.8345233e+00   5.6743168e+00
   1.2190000e+03   3.8356989e+00   5.6758607e+00
   1.2200000e+03   3.8368567e+00   5.6774127e+00
   1.2210000e+03   3.8380305e+00   5.6789538e+00
   1.2220000e+03   3.8391861e+00   5.6804923e+00
   1.2230000e+03   3.8403656e+00   5.6820365e+00
   1.2240000e+03   3.8415374e+00   5.6835814e+00
   1.2250000e+03   3.8427216e+00   5.6851482e+00
   1.2260000e+03   3.8438990e+00   5.6867084e+00
   1.2270000e+03   3.8450935e+00   5.6882704e+00
   1.2280000e+03   3.8462889e+00   5.6898049e+00
   1.2290000e+03   3.8475012e+00   5.6913457e+00
   1.2300000e+03   3.8487015e+00   5.6929044e+00
   1.2310000e+03   3.8498943e+00   5.6944439e+00
   1.2320000e+03   3.8510972e+00   5.6959947e+00
   1.2330000e+03   3.8523098e+00   5.6975350e+00
   1.2340000e+03   3.8535127e+00   5.6990814e+00
   1.2350000e+03   3.8546963e+00   5.7006292e+00
   1.2360000e+03   3.8558978e+00   5.7021663e+00
   1.2370000e+03   3.8571239e+00   5.7037028e+00
   1.2380000e+03   3.8583365e+00   5.7052413e+00
   1.2390000e+03   3.8595607e+00   5.7067780e+00
   1.2400000e+03   3.8607827e+00   5.7083138e+00
   1.2410000e+03   3.8619892e+00   5.7098531e+00
   1.2420000e+03   3.8632171e+00   5.7113778e+00
   1.2430000e+03   3.8644346e+00   5.7128965e+00
   1.2440000e+03   3.8656537e+00   5.7144178e+00
   1.2450000e+03   3.8668864e+00   5.7159466e+00
   1.2460000e+03   3.8681221e+00   5.7174749e+00
   1.2470000e+03   3.8693609e+00   5.7190068e+00
   1.2480000e+03   3.8705656e+00   5.7205342e+00
   1.2490000e+03   3.8718120e+00   5.7220497e+00
   1.2500000e+03   3.8730318e+00   5.7235635e+00
   1.2510000e+03   3.8742372e+00   5.7250736e+00
   1.2520000e+03   3.8754705e+00   5.7265835e+00
   1.2530000e+03   3.8766893e+00   5.7280919e+00
   1.2540000e+03   3.8778988e+00   5.7295956e+00
   1.2550000e+03   3.8791056e+00   5.7311055e+00
   1.2560000e+03   3.8803132e+00   5.7326285e+00
   1.2570000e+03   3.8815060e+00   5.7341205e+00
   1.2580000e+03   3.8827121e+00   5.7356290e+00
   1.2590000e+03   3.8839043e+00   5.7371240e+00
   1.2600000e+03   3.8850977e+00   5.7386228e+00
   1.2610000e+03   3.8862876e+00   5.7401156e+00
   1.2620000e+03   3.8874451e+00   5.7416099e+00
   1.2630000e+03   3.8886269e+00   5.7431004e+00
   1.2640000e+03   3.8898018e+00   5.7445882e+00
   1.2650000e+03   3.8909858e+00   5.7460931e+00
   1.2660000e+03   3.8921327e+00   5.7475834e+00
   1.2670000e+03   3.8933167e+00   5.7490613e+00
   1.2680000e+03   3.8944709e+00   5.7505446e+00
   1.2690000e+03   3.8956148e+00   5.7520292e+00
   1.2700000e+03   3.8967640e+00   5.7535193e+00
   1.2710000e+03   3.8979221e+00   5.7550010e+00
   1.2720000e+03   3.8990604e+00   5.7564799e+00
   1.2730000e+03   3.9002243e+00   5.7579640e+00
   1.2740000e+03   3.9013545e+00   5.7594485e+00
   1.2750000e+03   3.9024872e+00   5.7609318e+00
   1.2760000e+03   3.9036099e+00   5.7624239e+00
   1.2770000e+03   3.9047381e+00   5.7639086e+00
   1.2780000e+03   3.9058629e+00   5.7653809e+00
   1.2790000e+03   3.9069766e+00   5.7668649e+00
   1.2800000e+03   3.9080944e+00   5.7683382e+00
   1.2810000e+03   3.9092082e+00   5.7698055e+00
   1.2820000e+03   3.9103132e+00   5.7712772e+00
   1.2830000e+03   3.9114008e+00   5.7727469e+00
   1.2840000e+03   3.9125002e+00   5.7742178e+00
   1.2850000e+03   3.9135781e+00   5.7756814e+00
   1.2860000e+03   3.9146598e+00   5.7771520e+00
   1.2870000e+03   3.9157528e+00   5.7786264e+00
   1.2880000e+03   3.9168372e+00   5.7800946e+00
   1.2890000e+03   3.9179030e+00   5.7815608e+00
   1.2900000e+03   3.9189920e+00   5.7830202e+00
   1.2910000e+03   3.9200661e+00   5.7844856e+00
   1.2920000e+03   3.9211177e+00   5.7859466e+00
   1.2930000e+03   3.9221578e+00   5.7874222e+00
   1.2940000e+03   3.9232312e+00   5.7888987e+00
   1.2950000e+03   3.9242851e+00   5.7903810e+00
   1.2960000e+03   3.9253245e+00   5.7918432e+00
   1.2970000e+03   3.9263630e+00   5.7932949e+00
   1.2980000e+03   3.9274047e+00   5.7947545e+00
   1.2990000e+03   3.9284514e+00   5.7962225e+00
   1.3000000e+03   3.9295010e+00   5.7976857e+00
   1.3010000e+03   3.9305469e+00   5.7991467e+00
   1.3020000e+03   3.9315932e+00   5.8006273e+00
   1.3030000e+03   3.9326027e+00   5.8021132e+00
   1.3040000e+03   3.9336210e+00   5.8036097e+00
   1.3050000e+03   3.9346423e+00   5.8050770e+00
   1.3060000e+03   3.9356841e+00   5.8065603e+00
   1.3070000e+03   3.9367025e+00   5.8080522e+00
   1.3080000e+03   3.9377228e+00   5.8095346e+00
   1.3090000e+03   3.9387589e+00   5.8110257e+00
   1.3100000e+03   3.9397968e+00   5.8125237e+00
   1.3110000e+03   3.9453055e+00   5.8140157e+00
   1.3120000e+03   3.9463362e+00   5.8155093e+00
   1.3130000e+03   3.9473247e+00   5.8169964e+00
   1.3140000e+03   3.9483256e+00   5.8185014e+00
   1.3150000e+03   3.9493223e+00   5.8199974e+00
   1.3160000e+03   3.9503568e+00   5.8215150e+00
   1.3170000e+03   3.9513750e+00   5.8230294e+00
   1.3180000e+03   3.9523615e+00   5.8245403e+00
   1.3190000e+03   3.9533863e+00   5.8260598e+00
   1.3200000e+03   3.9543835e+00   5.8275833e+00
   1.3210000e+03   3.9553989e+00   5.8291112e+00
   1.3220000e+03   3.9563992e+00   5.8306506e+00
   1.3230000e+03   3.9574019e+00   5.8322021e+00
   1.3240000e+03   3.9584032e+00   5.8337430e+00
   1.3250000e+03   3.9594024e+00   5.8352896e+00
   1.3260000e+03   3.9604110e+00   5.8368306e+00
   1.3270000e+03   3.9614175e+00   5.8383757e+00
   1.3280000e+03   3.9624208e+00   5.8399167e+00
   1.3290000e+03   3.9634182e+00   5.8414731e+00
   1.3300000e+03   3.9644181e+00   5.8456142e+00
   1.3310000e+03   3.9654276e+00   5.8471709e+00
   1.3320000e+03   3.9664420e+00   5.8487324e+00
   1.3330000e+03   3.9674358e+00   5.8502983e+00
   1.3340000e+03   3.9684127e+00   5.8518529e+00
   1.3350000e+03   3.9693886e+00   5.8534101e+00
   1.3360000e+03   3.9703795e+00   5.8549698e+00
   1.3370000e+03   3.9713809e+00   5.8565358e+00
   1.3380000e+03   3.9723765e+00   5.8580811e+00
   1.3390000e+03   3.9733741e+00   5.8596349e+00
   1.3400000e+03   3.9743807e+00   5.8612113e+00
   1.3410000e+03   3.9753630e+00   5.8627938e+00
   1.3420000e+03   3.9763591e+00   5.8643702e+00
   1.3430000e+03   3.9773542e+00   5.8659481e+00
   1.3440000e+03   3.9783245e+00   5.8675312e+00
   1.3450000e+03   3.9793395e+00   5.8691186e+00
   1.3460000e+03   3.9803159e+00   5.8707006e+00
   1.3470000e+03   3.9813254e+00   5.8722787e+00
   1.3480000e+03   3.9823248e+00   5.8738742e+00
   1.3490000e+03   3.9833320e+00   5.8754570e+00
   1.3500000e+03   3.9843382e+00   5.8770484e+00
   1.3510000e+03   3.9853604e+00   5.8786509e+00
   1.3520000e+03   3.9863821e+00   5.8802461e+00
   1.3530000e+03   3.9873917e+00   5.8818370e+00
   1.3540000e+03   3.9883979e+00   5.8834272e+00
   1.3550000e+03   3.9894421e+00   5.8850368e+00
   1.3560000e+03   3.9904682e+00   5.8866406e+00
   1.3570000e+03   3.9915041e+00   5.8882264e+00
   1.3580000e+03   3.9925302e+00   5.8898258e+00
   1.3590000e+03   3.9935754e+00   5.8914339e+00
   1.3600000e+03   3.9946100e+00   5.8930312e+00
   1.3610000e+03   3.9956591e+00   5.8946265e+00
   1.3620000e+03   3.9967140e+00   5.8962249e+00
   1.3630000e+03   3.9977825e+00   5.8978213e+00
   1.3640000e+03   3.9988427e+00   5.8994266e+00
   1.3650000e+03   3.9998916e+00   5.9010271e+00
   1.3660000e+03   4.0009741e+00   5.9026215e+00
   1.3670000e+03   4.0020433e+00   5.9042279e+00
   1.3680000e+03   4.0031267e+00   5.9058368e+00
   1.3690000e+03   4.0042304e+00   5.9074311e+00
   1.3700000e+03   4.0053247e+00   5.9090332e+00
   1.3710000e+03   4.0064152e+00   5.9106407e+00
   1.3720000e+03   4.0075359e+00   5.9122362e+00
   1.3730000e+03   4.0086500e+00   5.9138358e+00
   1.3740000e+03   4.0097665e+00   5.9154358e+00
   1.3750000e+03   4.0108713e+00   5.9170288e+00
   1.3760000e+03   4.0119828e+00   5.9186207e+00
   1.3770000e+03   4.0131067e+00   5.9202141e+00
   1.3780000e+03   4.0142252e+00   5.9218186e+00
   1.3790000e+03   4.0153391e+00   5.9234023e+00
   1.3800000e+03   4.0164578e+00   5.9249887e+00
   1.3810000e+03   4.0175601e+00   5.9265788e+00
   1.3820000e+03   4.0186604e+00   5.9281941e+00
   1.3830000e+03   4.0197575e+00   5.9297696e+00
   1.3840000e+03   4.0209106e+00   5.9313476e+00
   1.3850000e+03   4.0220421e+00   5.9329222e+00
   1.3860000e+03   4.0231904e+00   5.9344990e+00
   1.3870000e+03   4.0242979e+00   5.9360637e+00
   1.3880000e+03   4.0254488e+00   5.9376355e+00
   1.3890000e+03   4.0265445e+00   5.9392006e+00
   1.3900000e+03   4.0276496e+00   5.9407487e+00
   1.3910000e+03   4.0287552e+00   5.9422963e+00
   1.3920000e+03   4.0298301e+00   5.9438543e+00
   1.3930000e+03   4.0309539e+00   5.9454036e+00
   1.3940000e+03   4.0320630e+00   5.9469416e+00
   1.3950000e+03   4.0331749e+00   5.9484686e+00
   1.3960000e+03   4.0342795e+00   5.9500047e+00
   1.3970000e+03   4.0353684e+00   5.9515355e+00
   1.3980000e+03   4.0364572e+00   5.9530480e+00
   1.3990000e+03   4.0375406e+00   5.9545553e+00
   1.4000000e+03   4.0386395e+00   5.9529723e+00
   1.4010000e+03   4.0397416e+00   5.9544994e+00
   1.4020000e+03   4.0407980e+00   5.9560056e+00
   1.4030000e+03   4.0418770e+00   5.9575030e+00
   1.4040000e+03   4.0429234e+00   5.9589694e+00
   1.4050000e+03   4.0439878e+00   5.9604447e+00
   1.4060000e+03   4.0450390e+00   5.9619113e+00
   1.4070000e+03   4.0460792e+00   5.9633704e+00
   1.4080000e+03   4.0471086e+00   5.9648358e+00
   1.4090000e+03   4.0481306e+00   5.9662923e+00
   1.4100000e+03   4.0491589e+00   5.9677440e+00
   1.4110000e+03   4.0501499e+00   5.9691911e+00
   1.4120000e+03   4.0511640e+00   5.9706333e+00
   1.4130000e+03   4.0521659e+00   5.9720871e+00
   1.4140000e+03   4.0531658e+00   5.9735353e+00
   1.4150000e+03   4.0541649e+00   5.9749693e+00
   1.4160000e+03   4.0551560e+00   5.9764062e+00
   1.4170000e+03   4.0561206e+00   5.9778244e+00
   1.4180000e+03   4.0533306e+00   5.9793093e+00
   1.4190000e+03   4.0542934e+00   5.9807486e+00
   1.4200000e+03   4.0552580e+00   5.9821836e+00
   1.4210000e+03   4.0562139e+00   5.9836094e+00
   1.4220000e+03   4.0571726e+00   5.9850414e+00
   1.4230000e+03   4.0581264e+00   5.9864749e+00
   1.4240000e+03   4.0590663e+00   5.9879117e+00
   1.4250000e+03   4.0600235e+00   5.9893466e+00
   1.4260000e+03   4.0609916e+00   5.9908061e+00
   1.4270000e+03   4.0619524e+00   5.9922530e+00
   1.4280000e+03   4.0628983e+00   5.9936986e+00
   1.4290000e+03   4.0638258e+00   5.9951371e+00
   1.4300000e+03   4.0647903e+00   5.9965943e+00
   1.4310000e+03   4.0657264e+00   5.9980490e+00
   1.4320000e+03   4.0666614e+00   5.9995140e+00
   1.4330000e+03   4.0675826e+00   6.0009740e+00
   1.4340000e+03   4.0685199e+00   6.0024307e+00
   1.4350000e+03   4.0694585e+00   6.0038945e+00
   1.4360000e+03   4.0703750e+00   6.0053761e+00
   1.4370000e+03   4.0713283e+00   6.0068298e+00
   1.4380000e+03   4.0722698e+00   6.0083010e+00
   1.4390000e+03   4.0731949e+00   6.0097625e+00
   1.4400000e+03   4.0741197e+00   6.0112344e+00
   1.4410000e+03   4.0750667e+00   6.0127011e+00
   1.4420000e+03   4.0760062e+00   6.0141607e+00
   1.4430000e+03   4.0769400e+00   6.0156426e+00
   1.4440000e+03   4.0778547e+00   6.0170999e+00
   1.4450000e+03   4.0788374e+00   6.0185740e+00
   1.4460000e+03   4.0797882e+00   6.0200421e+00
   1.4470000e+03   4.0807109e+00   6.0215133e+00
   1.4480000e+03   4.0816660e+00   6.0229725e+00
   1.4490000e+03   4.0826202e+00   6.0244477e+00
   1.4500000e+03   4.0835764e+00   6.0259271e+00
   1.4510000e+03   4.0845359e+00   6.0273831e+00
   1.4520000e+03   4.0854729e+00   6.0288453e+00
   1.4530000e+03   4.0864292e+00   6.0303177e+00
   1.4540000e+03   4.0873978e+00   6.0317833e+00
   1.4550000e+03   4.0883466e+00   6.0332443e+00
   1.4560000e+03   4.0892781e+00   6.0346985e+00
   1.4570000e+03   4.0902351e+00   6.0361675e+00
   1.4580000e+03   4.0911780e+00   6.0376176e+00
   1.4590000e+03   4.0921092e+00   6.0390813e+00
   1.4600000e+03   4.0930649e+00   6.0405496e+00
   1.4610000e+03   4.0940094e+00   6.0420124e+00
   1.4620000e+03   4.0949487e+00   6.0434910e+00
   1.4630000e+03   4.0958974e+00   6.0449579e+00
   1.4640000e+03   4.0968360e+00   6.0464402e+00
   1.4650000e+03   4.0977684e+00   6.0479221e+00
   1.4660000e+03   4.0986994e+00   6.0494021e+00
   1.4670000e+03   4.0996369e+00   6.0508967e+00
   1.4680000e+03   4.1005705e+00   6.0523933e+00
   1.4690000e+03   4.1014951e+00   6.0538988e+00
   1.4700000e+03   4.1023886e+00   6.0554113e+00
   1.4710000e+03   4.1033143e+00   6.0569176e+00
   1.4720000e+03   4.1042479e+00   6.0584303e+00
   1.4730000e+03   4.1052062e+00   6.0599520e+00
   1.4740000e+03   4.1061357e+00   6.0614628e+00
   1.4750000e+03   4.1070974e+00   6.0629618e+00
   1.4760000e+03   4.1080213e+00   6.0645052e+00
   1.4770000e+03   4.1089460e+00   6.0660308e+00
   1.4780000e+03   4.1099120e+00   6.0675878e+00
   1.4790000e+03   4.1108594e+00   6.0691226e+00
   1.4800000e+03   4.1118109e+00   6.0706687e+00
   1.4810000e+03   4.1127657e+00   6.0722291e+00
   1.4820000e+03   4.1137338e+00   6.0737808e+00
   1.4830000e+03   4.1147115e+00   6.0753466e+00
   1.4840000e+03   4.1156754e+00   6.0768944e+00
   1.4850000e+03   4.1166371e+00   6.0784423e+00
   1.4860000e+03   4.1176312e+00   6.0800139e+00
   1.4870000e+03   4.1186258e+00   6.0815890e+00
   1.4880000e+03   4.1196090e+00   6.0831659e+00
   1.4890000e+03   4.1205561e+00   6.0847392e+00
   1.4900000e+03   4.1215410e+00   6.0863219e+00
   1.4910000e+03   4.1225443e+00   6.0879057e+00
   1.4920000e+03   4.1235972e+00   6.0894898e+00
   1.4930000e+03   4.1246365e+00   6.0910709e+00
   1.4940000e+03   4.1256953e+00   6.0926639e+00
   1.4950000e+03   4.1267618e+00   6.0942404e+00
   1.4960000e+03   4.1278097e+00   6.0958395e+00
   1.4970000e+03   4.1288631e+00   6.0974303e+00
   1.4980000e+03   4.1299323e+00   6.0990397e+00
   1.4990000e+03   4.1310057e+00   6.1006289e+00
   1.5000000e+03   4.1320729e+00   6.1022314e+00
   1.5010000e+03   4.1331553e+00   6.1038333e+00
   1.5020000e+03   4.1342432e+00   6.1054452e+00
   1.5030000e+03   4.1353406e+00   6.1070542e+00
   1.5040000e+03   4.1364242e+00   6.1086572e+00
   1.5050000e+03   4.1375466e+00   6.1102711e+00
   1.5060000e+03   4.1385602e+00   6.1118712e+00
   1.5070000e+03   4.1396653e+00   6.1135097e+00
   1.5080000e+03   4.1407705e+00   6.1151472e+00
   1.5090000e+03   4.1418875e+00   6.1167715e+00
   1.5100000e+03   4.1430015e+00   6.1183940e+00
   1.5110000e+03   4.1441234e+00   6.1200127e+00
   1.5120000e+03   4.1452454e+00   6.1216327e+00
   1.5130000e+03   4.1463681e+00   6.1232608e+00
   1.5140000e+03   4.1474564e+00   6.1248780e+00
   1.5150000e+03   4.1485793e+00   6.1265136e+00
   1.5160000e+03   4.1497125e+00   6.1281343e+00
   1.5170000e+03   4.1508504e+00   6.1297281e+00
   1.5180000e+03   4.1519718e+00   6.1313484e+00
   1.5190000e+03   4.1531076e+00   6.1329645e+00
   1.5200000e+03   4.1542248e+00   6.1345851e+00
   1.5210000e+03   4.1553666e+00   6.1362066e+00
   1.5220000e+03   4.1565146e+00   6.1378122e+00
   1.5230000e+03   4.1576514e+00   6.1394159e+00
   1.5240000e+03   4.1587594e+00   6.1410044e+00
   1.5250000e+03   4.1599167e+00   6.1426071e+00
   1.5260000e+03   4.1610609e+00   6.1441881e+00
   1.5270000e+03   4.1622423e+00   6.1457704e+00
   1.5280000e+03   4.1633976e+00   6.1473464e+00
   1.5290000e+03   4.1645693e+00   6.1489123e+00
   1.5300000e+03   4.1657457e+00   6.1504753e+00
   1.5310000e+03   4.1668978e+00   6.1520327e+00
   1.5320000e+03   4.1680772e+00   6.1535672e+00
   1.5330000e+03   4.1692573e+00   6.1551080e+00
   1.5340000e+03   4.1704461e+00   6.1566198e+00
   1.5350000e+03   4.1716243e+00   6.1581281e+00
   1.5360000e+03   4.1728193e+00   6.1596382e+00
   1.5370000e+03   4.1740114e+00   6.1611262e+00
   1.5380000e+03   4.1751835e+00   6.1626297e+00
   1.5390000e+03   4.1763986e+00   6.1640968e+00
   1.5400000e+03   4.1775859e+00   6.1655551e+00
   1.5410000e+03   4.1787642e+00   6.1670068e+00
   1.5420000e+03   4.1799474e+00   6.1684550e+00
   1.5430000e+03   4.1811370e+00   6.1698788e+00
   1.5440000e+03   4.1823405e+00   6.1712925e+00
   1.5450000e+03   4.1835239e+00   6.1727071e+00
   1.5460000e+03   4.1847358e+00   6.1741054e+00
   1.5470000e+03   4.1859175e+00   6.1754940e+00
   1.5480000e+03   4.1870970e+00   6.1768818e+00
   1.5490000e+03   4.1882586e+00   6.1782764e+00
   1.5500000e+03   4.1894144e+00   6.1796458e+00
   1.5510000e+03   4.1905917e+00   6.1810046e+00
   1.5520000e+03   4.1917503e+00   6.1823778e+00
   1.5530000e+03   4.1928973e+00   6.1837350e+00
   1.5540000e+03   4.1940434e+00   6.1850836e+00
   1.5550000e+03   4.1951741e+00   6.1864138e+00
   1.5560000e+03   4.1963006e+00   6.1877452e+00
   1.5570000e+03   4.1974141e+00   6.1890744e+00
   1.5580000e+03   4.1985234e+00   6.1903844e+00
   1.5590000e+03   4.1996397e+00   6.1916988e+00
   1.5600000e+03   4.2007687e+00   6.1930227e+00
   1.5610000e+03   4.2018389e+00   6.1943224e+00
   1.5620000e+03   4.2029434e+00   6.1956094e+00
   1.5630000e+03   4.2040512e+00   6.1968896e+00
   1.5640000e+03   4.2051116e+00   6.1981772e+00
   1.5650000e+03   4.2061712e+00   6.1994564e+00
   1.5660000e+03   4.2072157e+00   6.2007441e+00
   1.5670000e+03   4.2082665e+00   6.2020093e+00
   1.5680000e+03   4.2093130e+00   6.2032866e+00
   1.5690000e+03   4.2103243e+00   6.2045577e+00
   1.5700000e+03   4.2113492e+00   6.2058329e+00
   1.5710000e+03   4.2123368e+00   6.2070886e+00
   1.5720000e+03   4.2133485e+00   6.2083469e+00
   1.5730000e+03   4.2143553e+00   6.2096013e+00
   1.5740000e+03   4.2153234e+00   6.2108605e+00
   1.5750000e+03   4.2163053e+00   6.2121209e+00
   1.5760000e+03   4.2172714e+00   6.2133788e+00
   1.5770000e+03   4.2182571e+00   6.2146437e+00
   1.5780000e+03   4.2192027e+00   6.2159006e+00
   1.5790000e+03   4.2201711e+00   6.2171655e+00
   1.5800000e+03   4.2211232e+00   6.2184164e+00
   1.5810000e+03   4.2220837e+00   6.2196712e+00
   1.5820000e+03   4.2230138e+00   6.2209144e+00
   1.5830000e+03   4.2239575e+00   6.2221553e+00
   1.5840000e+03   4.2248727e+00   6.2234048e+00
   1.5850000e+03   4.2258023e+00   6.2246562e+00
   1.5860000e+03   4.2267191e+00   6.2259220e+00
   1.5870000e+03   4.2276417e+00   6.2271791e+00
   1.5880000e+03   4.2285432e+00   6.2284326e+00
   1.5890000e+03   4.2294567e+00   6.2297114e+00
   1.5900000e+03   4.2303783e+00   6.2309633e+00
   1.5910000e+03   4.2312801e+00   6.2322148e+00
   1.5920000e+03   4.2321735e+00   6.2334721e+00
   1.5930000e+03   4.2330794e+00   6.2347413e+00
   1.5940000e+03   4.2339953e+00   6.2360128e+00
   1.5950000e+03   4.2348439e+00   6.2372712e+00
   1.5960000e+03   4.2357007e+00   6.2385491e+00
   1.5970000e+03   4.2365727e+00   6.2398099e+00
   1.5980000e+03   4.2374517e+00   6.2410913e+00
   1.5990000e+03   4.2383367e+00   6.2423689e+00
   1.6000000e+03   4.2392153e+00   6.2436437e+00
   1.6010000e+03   4.2400839e+00   6.2449213e+00
   1.6020000e+03   4.2409526e+00   6.2461981e+00
   1.6030000e+03   4.2418312e+00   6.2474778e+00
   1.6040000e+03   4.2426957e+00   6.2487500e+00
   1.6050000e+03   4.2436305e+00   6.2500377e+00
   1.6060000e+03   4.2445152e+00   6.2513231e+00
   1.6070000e+03   4.2453600e+00   6.2526174e+00
   1.6080000e+03   4.2462354e+00   6.2539084e+00
   1.6090000e+03   4.2471065e+00   6.2551768e+00
   1.6100000e+03   4.2480098e+00   6.2564603e+00
   1.6110000e+03   4.2489064e+00   6.2577488e+00
   1.6120000e+03   4.2498477e+00   6.2590455e+00
   1.6130000e+03   4.2507494e+00   6.2603426e+00
   1.6140000e+03   4.2516783e+00   6.2616393e+00
   1.6150000e+03   4.2526063e+00   6.2629400e+00
   1.6160000e+03   4.2535353e+00   6.2642171e+00
   1.6170000e+03   4.2545249e+00   6.2655338e+00
   1.6180000e+03   4.2554722e+00   6.2668277e+00
   1.6190000e+03   4.2564381e+00   6.2681227e+00
   1.6200000e+03   4.2574274e+00   6.2694193e+00
   1.6210000e+03   4.2584253e+00   6.2707153e+00
   1.6220000e+03   4.2594358e+00   6.2720027e+00
   1.6230000e+03   4.2604817e+00   6.2732866e+00
   1.6240000e+03   4.2615306e+00   6.2746004e+00
   1.6250000e+03   4.2626007e+00   6.2758811e+00
   1.6260000e+03   4.2636388e+00   6.2771648e+00
   1.6270000e+03   4.2647423e+00   6.2784391e+00
   1.6280000e+03   4.2658355e+00   6.2797046e+00
   1.6290000e+03   4.2669769e+00   6.2809836e+00
   1.6300000e+03   4.2681052e+00   6.2822581e+00
   1.6310000e+03   4.2692809e+00   6.2835292e+00
   1.6320000e+03   4.2704651e+00   6.2848043e+00
   1.6330000e+03   4.2716587e+00   6.2860674e+00
   1.6340000e+03   4.2728884e+00   6.2873304e+00
   1.6350000e+03   4.2741234e+00   6.2885900e+00
   1.6360000e+03   4.2753654e+00   6.2898322e+00
   1.6370000e+03   4.2766017e+00   6.2911055e+00
   1.6380000e+03   4.2778930e+00   6.2923730e+00
   1.6390000e+03   4.2791880e+00   6.2936282e+00
   1.6400000e+03   4.2804803e+00   6.2948797e+00
   1.6410000e+03   4.2817993e+00   6.2961261e+00
   1.6420000e+03   4.2831273e+00   6.2973761e+00
   1.6430000e+03   4.2844942e+00   6.2986271e+00
   1.6440000e+03   4.2858608e+00   6.2998692e+00
   1.6450000e+03   4.2872302e+00   6.3011307e+00
   1.6460000e+03   4.2886412e+00   6.3023828e+00
   1.6470000e+03   4.2900650e+00   6.3036359e+00
   1.6480000e+03   4.2914824e+00   6.3049058e+00
   1.6490000e+03   4.2929067e+00   6.3061442e+00
   1.6500000e+03   4.2943585e+00   6.3073944e+00
   1.6510000e+03   4.2958350e+00   6.3086595e+00
   1.6520000e+03   4.2973134e+00   6.3099256e+00
   1.6530000e+03   4.2988004e+00   6.3112030e+00
   1.6540000e+03   4.3002686e+00   6.3124584e+00
   1.6550000e+03   4.3017663e+00   6.3137375e+00
   1.6560000e+03   4.3032598e+00   6.3150186e+00
   1.6570000e+03   4.3047580e+00   6.3163021e+00
   1.6580000e+03   4.3062644e+00   6.3175998e+00
   1.6590000e+03   4.3077935e+00   6.3188925e+00
   1.6600000e+03   4.3093300e+00   6.3202117e+00
   1.6610000e+03   4.3108581e+00   6.3215648e+00
   1.6620000e+03   4.3123872e+00   6.3229105e+00
   1.6630000e+03   4.3139160e+00   6.3242522e+00
   1.6640000e+03   4.3154344e+00   6.3256054e+00
   1.6650000e+03   4.3169511e+00   6.3269837e+00
   1.6660000e+03   4.3184828e+00   6.3283613e+00
   1.6670000e+03   4.3199990e+00   6.3297429e+00
   1.6680000e+03   4.3215735e+00   6.3311336e+00
   1.6690000e+03   4.3231278e+00   6.3325521e+00
   1.6700000e+03   4.3246990e+00   6.3339552e+00
   1.6710000e+03   4.3262395e+00   6.3353841e+00
   1.6720000e+03   4.3277732e+00   6.3368288e+00
   1.6730000e+03   4.3293373e+00   6.3382718e+00
   1.6740000e+03   4.3308499e+00   6.3397143e+00
   1.6750000e+03   4.3323979e+00   6.3411407e+00
   1.6760000e+03   4.3339383e+00   6.3425965e+00
   1.6770000e+03   4.3354562e+00   6.3440748e+00
   1.6780000e+03   4.3369952e+00   6.3455452e+00
   1.6790000e+03   4.3385295e+00   6.3470134e+00
   1.6800000e+03   4.3400599e+00   6.3484960e+00
   1.6810000e+03   4.3415815e+00   6.3499998e+00
   1.6820000e+03   4.3430970e+00   6.3514947e+00
   1.6830000e+03   4.3446306e+00   6.3529885e+00
   1.6840000e+03   4.3461243e+00   6.3544890e+00
   1.6850000e+03   4.3476527e+00   6.3559926e+00
   1.6860000e+03   4.3491305e+00   6.3575019e+00
   1.6870000e+03   4.3506135e+00   6.3590086e+00
   1.6880000e+03   4.3521179e+00   6.3605147e+00
   1.6890000e+03   4.3536130e+00   6.3620355e+00
   1.6900000e+03   4.3551195e+00   6.3635527e+00
   1.6910000e+03   4.3565955e+00   6.3650739e+00
   1.6920000e+03   4.3580767e+00   6.3665763e+00
   1.6930000e+03   4.3595295e+00   6.3681037e+00
   1.6940000e+03   4.3609651e+00   6.3696064e+00
   1.6950000e+03   4.3623966e+00   6.3711160e+00
   1.6960000e+03   4.3638194e+00   6.3726346e+00
   1.6970000e+03   4.3652738e+00   6.3741548e+00
   1.6980000e+03   4.3666947e+00   6.3756671e+00
   1.6990000e+03   4.3681327e+00   6.3771823e+00
   1.7000000e+03   4.3695074e+00   6.3786872e+00
   1.7010000e+03   4.3709108e+00   6.3801956e+00
   1.7020000e+03   4.3722771e+00   6.3817026e+00
   1.7030000e+03   4.3736372e+00   6.3832064e+00
   1.7040000e+03   4.3750046e+00   6.3847076e+00
   1.7050000e+03   4.3763080e+00   6.3862027e+00
   1.7060000e+03   4.3776350e+00   6.3876870e+00
   1.7070000e+03   4.3789524e+00   6.3891746e+00
   1.7080000e+03   4.3802849e+00   6.3906572e+00
   1.7090000e+03   4.3815985e+00   6.3921327e+00
   1.7100000e+03   4.3828969e+00   6.3936030e+00
   1.7110000e+03   4.3841968e+00   6.3950589e+00
   1.7120000e+03   4.3854391e+00   6.3965147e+00
   1.7130000e+03   4.3867442e+00   6.3979709e+00
   1.7140000e+03   4.3880165e+00   6.3994249e+00
   1.7150000e+03   4.3893108e+00   6.4008703e+00
   1.7160000e+03   4.3905965e+00   6.4022815e+00
   1.7170000e+03   4.3918782e+00   6.4037091e+00
   1.7180000e+03   4.3931545e+00   6.4051216e+00
   1.7190000e+03   4.3944375e+00   6.4065237e+00
   1.7200000e+03   4.3957169e+00   6.4079184e+00
   1.7210000e+03   4.3969916e+00   6.4093198e+00
   1.7220000e+03   4.3982753e+00   6.4107113e+00
   1.7230000e+03   4.3995440e+00   6.4120841e+00
   1.7240000e+03   4.4008385e+00   6.4134642e+00
   1.7250000e+03   4.4020749e+00   6.4148288e+00
   1.7260000e+03   4.4033393e+00   6.4161866e+00
   1.7270000e+03   4.4046066e+00   6.4175363e+00
   1.7280000e+03   4.4058571e+00   6.4188849e+00
   1.7290000e+03   4.4071291e+00   6.4202195e+00
   1.7300000e+03   4.4084086e+00   6.4215598e+00
   1.7310000e+03   4.4096784e+00   6.4229075e+00
   1.7320000e+03   4.4109489e+00   6.4242341e+00
   1.7330000e+03   4.4121901e+00   6.4255846e+00
   1.7340000e+03   4.4134494e+00   6.4269070e+00
   1.7350000e+03   4.4147043e+00   6.4282293e+00
   1.7360000e+03   4.4159441e+00   6.4288608e+00
   1.7370000e+03   4.4172153e+00   6.4294954e+00
   1.7380000e+03   4.4185023e+00   6.4301397e+00
   1.7390000e+03   4.4197372e+00   6.4307723e+00
   1.7400000e+03   4.4209689e+00   6.4314013e+00
   1.7410000e+03   4.4221844e+00   6.4320211e+00
   1.7420000e+03   4.4234489e+00   6.4326530e+00
   1.7430000e+03   4.4246823e+00   6.4332848e+00
   1.7440000e+03   4.4259170e+00   6.4339131e+00
   1.7450000e+03   4.4271642e+00   6.4345396e+00
   1.7460000e+03   4.4283993e+00   6.4351659e+00
   1.7470000e+03   4.4296798e+00   6.4357839e+00
   1.7480000e+03   4.4308757e+00   6.4364035e+00
   1.7490000e+03   4.4320424e+00   6.4370182e+00
   1.7500000e+03   4.4332423e+00   6.4376446e+00
   1.7510000e+03   4.4344469e+00   6.4382648e+00
   1.7520000e+03   4.4356344e+00   6.4388810e+00
   1.7530000e+03   4.4368058e+00   6.4395072e+00
   1.7540000e+03   4.4379566e+00   6.4401332e+00
   1.7550000e+03   4.4391272e+00   6.4407559e+00
   1.7560000e+03   4.4402683e+00   6.4413773e+00
   1.7570000e+03   4.4414064e+00   6.4419754e+00
   1.7580000e+03   4.4425536e+00   6.4425825e+00
   1.7590000e+03   4.4437144e+00   6.4431870e+00
   1.7600000e+03   4.4448379e+00   6.4438125e+00
   1.7610000e+03   4.4459874e+00   6.4444336e+00
   1.7620000e+03   4.4471375e+00   6.4450346e+00
   1.7630000e+03   4.4483182e+00   6.4456567e+00
   1.7640000e+03   4.4494671e+00   6.4462620e+00
   1.7650000e+03   4.4506062e+00   6.4468797e+00
   1.7660000e+03   4.4517706e+00   6.4474909e+00
   1.7670000e+03   4.4528999e+00   6.4481029e+00
   1.7680000e+03   4.4540308e+00   6.4487204e+00
   1.7690000e+03   4.4551452e+00   6.4493365e+00
   1.7700000e+03   4.4562689e+00   6.4499518e+00
   1.7710000e+03   4.4573976e+00   6.4505678e+00
   1.7720000e+03   4.4585406e+00   6.4511849e+00
   1.7730000e+03   4.4634305e+00   6.4518010e+00
   1.7740000e+03   4.4645653e+00   6.4524220e+00
   1.7750000e+03   4.4656984e+00   6.4530527e+00
   1.7760000e+03   4.4668410e+00   6.4536834e+00
   1.7770000e+03   4.4679570e+00   6.4543051e+00
   1.7780000e+03   4.4690854e+00   6.4549238e+00
   1.7790000e+03   4.4702136e+00   6.4555392e+00
   1.7800000e+03   4.4713482e+00   6.4561644e+00
   1.7810000e+03   4.4724442e+00   6.4567943e+00
   1.7820000e+03   4.4735629e+00   6.4574279e+00
   1.7830000e+03   4.4746938e+00   6.4580714e+00
   1.7840000e+03   4.4758459e+00   6.4587111e+00
   1.7850000e+03   4.4769680e+00   6.4593496e+00
   1.7860000e+03   4.4780951e+00   6.4599925e+00
   1.7870000e+03   4.4792224e+00   6.4606334e+00
   1.7880000e+03   4.4803726e+00   6.4612616e+00
   1.7890000e+03   4.4814907e+00   6.4619233e+00
   1.7900000e+03   4.4826145e+00   6.4625643e+00
   1.7910000e+03   4.4837582e+00   6.4632255e+00
   1.7920000e+03   4.4848826e+00   6.4638774e+00
   1.7930000e+03   4.4860259e+00   6.4645372e+00
   1.7940000e+03   4.4871724e+00   6.4651967e+00
   1.7950000e+03   4.4883209e+00   6.4658655e+00
   1.7960000e+03   4.4894606e+00   6.4665389e+00
   1.7970000e+03   4.4906163e+00   6.4672003e+00
   1.7980000e+03   4.4917754e+00   6.4678697e+00
   1.7990000e+03   4.4929805e+00   6.4685497e+00
   1.8000000e+03   4.4941240e+00   6.4692301e+00
   1.8010000e+03   4.4952761e+00   6.4699139e+00
   1.8020000e+03   4.4964481e+00   6.4705894e+00
   1.8030000e+03   4.4976206e+00   6.4712713e+00
   1.8040000e+03   4.4988254e+00   6.4719528e+00
   1.8050000e+03   4.5000285e+00   6.4726404e+00
   1.8060000e+03   4.5012181e+00   6.4733242e+00
   1.8070000e+03   4.5024401e+00   6.4740163e+00
   1.8080000e+03   4.5036538e+00   6.4747100e+00
   1.8090000e+03   4.5048472e+00   6.4753954e+00
   1.8100000e+03   4.5060720e+00   6.4760952e+00
   1.8110000e+03   4.5073204e+00   6.4767864e+00
   1.8120000e+03   4.5085327e+00   6.4774891e+00
   1.8130000e+03   4.5097788e+00   6.4782002e+00
   1.8140000e+03   4.5110365e+00   6.4789078e+00
   1.8150000e+03   4.5122685e+00   6.4796102e+00
   1.8160000e+03   4.5135197e+00   6.4803215e+00
   1.8170000e+03   4.5147736e+00   6.4810392e+00
   1.8180000e+03   4.5160089e+00   6.4817502e+00
   1.8190000e+03   4.5172393e+00   6.4824603e+00
   1.8200000e+03   4.5185002e+00   6.4831753e+00
   1.8210000e+03   4.5197221e+00   6.4838939e+00
   1.8220000e+03   4.5209791e+00   6.4846094e+00
   1.8230000e+03   4.5222274e+00   6.4853202e+00
   1.8240000e+03   4.5229698e+00   6.4860318e+00
   1.8250000e+03   4.5237424e+00   6.4867356e+00
   1.8260000e+03   4.5244630e+00   6.4874367e+00
   1.8270000e+03   4.5251918e+00   6.4881300e+00
   1.8280000e+03   4.5259090e+00   6.4888483e+00
   1.8290000e+03   4.5266460e+00   6.4895677e+00
   1.8300000e+03   4.5273477e+00   6.4902842e+00
   1.8310000e+03   4.5280706e+00   6.4909916e+00
   1.8320000e+03   4.5287934e+00   6.4917027e+00
   1.8330000e+03   4.5294885e+00   6.4924120e+00
   1.8340000e+03   4.5301861e+00   6.4931031e+00
   1.8350000e+03   4.5308843e+00   6.4937957e+00
   1.8360000e+03   4.5315752e+00   6.4944661e+00
   1.8370000e+03   4.5322604e+00   6.4951706e+00
   1.8380000e+03   4.5329295e+00   6.4958589e+00
   1.8390000e+03   4.5336054e+00   6.4965453e+00
   1.8400000e+03   4.5342834e+00   6.4972335e+00
   1.8410000e+03   4.5349309e+00   6.4979079e+00
   1.8420000e+03   4.5355740e+00   6.4985805e+00
   1.8430000e+03   4.5362166e+00   6.4992545e+00
   1.8440000e+03   4.5369019e+00   6.4999304e+00
   1.8450000e+03   4.5375491e+00   6.5006097e+00
   1.8460000e+03   4.5381819e+00   6.5012657e+00
   1.8470000e+03   4.5387588e+00   6.5019316e+00
   1.8480000e+03   4.5393590e+00   6.5025694e+00
   1.8490000e+03   4.5399362e+00   6.5032233e+00
   1.8500000e+03   4.5405033e+00   6.5038629e+00
   1.8510000e+03   4.5410896e+00   6.5045020e+00
   1.8520000e+03   4.5416605e+00   6.5051302e+00
   1.8530000e+03   4.5422221e+00   6.5057562e+00
   1.8540000e+03   4.5427717e+00   6.5063728e+00
   1.8550000e+03   4.5433147e+00   6.5069760e+00
   1.8560000e+03   4.5438705e+00   6.5075962e+00
   1.8570000e+03   4.5444164e+00   6.5082135e+00
   1.8580000e+03   4.5449474e+00   6.5088264e+00
   1.8590000e+03   4.5454816e+00   6.5094346e+00
   1.8600000e+03   4.5459743e+00   6.5100497e+00
   1.8610000e+03   4.5465926e+00   6.5106445e+00
   1.8620000e+03   4.5471168e+00   6.5078549e+00
   1.8630000e+03   4.5476271e+00   6.5084362e+00
   1.8640000e+03   4.5481238e+00   6.5090192e+00
   1.8650000e+03   4.5486258e+00   6.5095960e+00
   1.8660000e+03   4.5491175e+00   6.5101757e+00
   1.8670000e+03   4.5496197e+00   6.5107511e+00
   1.8680000e+03   4.5501161e+00   6.5113211e+00
   1.8690000e+03   4.5506638e+00   6.5118909e+00
   1.8700000e+03   4.5511731e+00   6.5124816e+00
   1.8710000e+03   4.5516647e+00   6.5130639e+00
   1.8720000e+03   4.5521580e+00   6.5136307e+00
   1.8730000e+03   4.5526635e+00   6.5141847e+00
   1.8740000e+03   4.5531714e+00   6.5147482e+00
   1.8750000e+03   4.5537021e+00   6.5153121e+00
   1.8760000e+03   4.5542172e+00   6.5158692e+00
   1.8770000e+03   4.5547170e+00   6.5164190e+00
   1.8780000e+03   4.5552257e+00   6.5169737e+00
   1.8790000e+03   4.5557725e+00   6.5175324e+00
   1.8800000e+03   4.5562669e+00   6.5180718e+00
   1.8810000e+03   4.5567937e+00   6.5186280e+00
   1.8820000e+03   4.5573012e+00   6.5191780e+00
   1.8830000e+03   4.5578330e+00   6.5197126e+00
   1.8840000e+03   4.5583476e+00   6.5202575e+00
   1.8850000e+03   4.5588567e+00   6.5208043e+00
   1.8860000e+03   4.5593961e+00   6.5213451e+00
   1.8870000e+03   4.5599115e+00   6.5218717e+00
   1.8880000e+03   4.5604436e+00   6.5223839e+00
   1.8890000e+03   4.5609699e+00   6.5229293e+00
   1.8900000e+03   4.5615098e+00   6.5234602e+00
   1.8910000e+03   4.5620371e+00   6.5239734e+00
   1.8920000e+03   4.5625907e+00   6.5245004e+00
   1.8930000e+03   4.5631637e+00   6.5250312e+00
   1.8940000e+03   4.5637014e+00   6.5255535e+00
   1.8950000e+03   4.5642568e+00   6.5260773e+00
   1.8960000e+03   4.5648251e+00   6.5265875e+00
   1.8970000e+03   4.5653831e+00   6.5271018e+00
   1.8980000e+03   4.5659471e+00   6.5276227e+00
   1.8990000e+03   4.5664979e+00   6.5281250e+00
   1.9000000e+03   4.5670801e+00   6.5286216e+00
   1.9010000e+03   4.5676314e+00   6.5291376e+00
   1.9020000e+03   4.5682104e+00   6.5296376e+00
   1.9030000e+03   4.5688059e+00   6.5301279e+00
   1.9040000e+03   4.5694107e+00   6.5306380e+00
   1.9050000e+03   4.5700326e+00   6.5311398e+00
   1.9060000e+03   4.5706453e+00   6.5316357e+00
   1.9070000e+03   4.5712803e+00   6.5321400e+00
   1.9080000e+03   4.5719138e+00   6.5326387e+00
   1.9090000e+03   4.5725518e+00   6.5331326e+00
   1.9100000e+03   4.5732230e+00   6.5336250e+00
   1.9110000e+03   4.5739018e+00   6.5341289e+00
   1.9120000e+03   4.5746063e+00   6.5346317e+00
   1.9130000e+03   4.5753201e+00   6.5351281e+00
   1.9140000e+03   4.5760210e+00   6.5355994e+00
   1.9150000e+03   4.5767465e+00   6.5361166e+00
   1.9160000e+03   4.5775187e+00   6.5366279e+00
   1.9170000e+03   4.5782326e+00   6.5371505e+00
   1.9180000e+03   4.5789449e+00   6.5376566e+00
   1.9190000e+03   4.5797252e+00   6.5381949e+00
   1.9200000e+03   4.5805134e+00   6.5387157e+00
   1.9210000e+03   4.5813051e+00   6.5392383e+00
   1.9220000e+03   4.5820882e+00   6.5397860e+00
   1.9230000e+03   4.5828958e+00   6.5403330e+00
   1.9240000e+03   4.5837367e+00   6.5408809e+00
   1.9250000e+03   4.5845558e+00   6.5414365e+00
   1.9260000e+03   4.5854176e+00   6.5419988e+00
   1.9270000e+03   4.5862412e+00   6.5425766e+00
   1.9280000e+03   4.5870508e+00   6.5431503e+00
   1.9290000e+03   4.5879199e+00   6.5437235e+00
   1.9300000e+03   4.5887995e+00   6.5443250e+00
   1.9310000e+03   4.5896714e+00   6.5449322e+00
   1.9320000e+03   4.5905498e+00   6.5455416e+00
   1.9330000e+03   4.5914478e+00   6.5461155e+00
   1.9340000e+03   4.5923310e+00   6.5467243e+00
   1.9350000e+03   4.5932228e+00   6.5473479e+00
   1.9360000e+03   4.5941144e+00   6.5480212e+00
   1.9370000e+03   4.5950273e+00   6.5486768e+00
   1.9380000e+03   4.5959049e+00   6.5493537e+00
   1.9390000e+03   4.5968244e+00   6.5500411e+00
   1.9400000e+03   4.5977270e+00   6.5507144e+00
   1.9410000e+03   4.5986700e+00   6.5514024e+00
   1.9420000e+03   4.5995844e+00   6.5521001e+00
   1.9430000e+03   4.6005078e+00   6.5528097e+00
   1.9440000e+03   4.6014279e+00   6.5535262e+00
   1.9450000e+03   4.6023617e+00   6.5542333e+00
   1.9460000e+03   4.6032931e+00   6.5549501e+00
   1.9470000e+03   4.6042172e+00   6.5556808e+00
   1.9480000e+03   4.6051436e+00   6.5564099e+00
   1.9490000e+03   4.6060358e+00   6.5571754e+00
   1.9500000e+03   4.6070372e+00   6.5578333e+00
   1.9510000e+03   4.6080380e+00   6.5585733e+00
   1.9520000e+03   4.6090045e+00   6.5593258e+00
   1.9530000e+03   4.6099673e+00   6.5600908e+00
   1.9540000e+03   4.6109205e+00   6.5608510e+00
   1.9550000e+03   4.6118807e+00   6.5616206e+00
   1.9560000e+03   4.6128553e+00   6.5623809e+00
   1.9570000e+03   4.6138303e+00   6.5631461e+00
   1.9580000e+03   4.6148351e+00   6.5638662e+00
   1.9590000e+03   4.6158074e+00   6.5646199e+00
   1.9600000e+03   4.6167174e+00   6.5653887e+00
   1.9610000e+03   4.6177012e+00   6.5661555e+00
   1.9620000e+03   4.6187166e+00   6.5669117e+00
   1.9630000e+03   4.6197051e+00   6.5676653e+00
   1.9640000e+03   4.6207139e+00   6.5683991e+00
   1.9650000e+03   4.6216748e+00   6.5691455e+00
   1.9660000e+03   4.6226512e+00   6.5699046e+00
   1.9670000e+03   4.6235841e+00   6.5706558e+00
   1.9680000e+03   4.6245675e+00   6.5713741e+00
   1.9690000e+03   4.6255194e+00   6.5721368e+00
   1.9700000e+03   4.6264736e+00   6.5728718e+00
   1.9710000e+03   4.6274213e+00   6.5736230e+00
   1.9720000e+03   4.6283223e+00   6.5743532e+00
   1.9730000e+03   4.6292550e+00   6.5750981e+00
   1.9740000e+03   4.6301774e+00   6.5758481e+00
   1.9750000e+03   4.6310600e+00   6.5765716e+00
   1.9760000e+03   4.6319636e+00   6.5773157e+00
   1.9770000e+03   4.6328312e+00   6.5780455e+00
   1.9780000e+03   4.6336723e+00   6.5787800e+00
   1.9790000e+03   4.6345137e+00   6.5795029e+00
   1.9800000e+03   4.6353198e+00   6.5802366e+00
   1.9810000e+03   4.6361713e+00   6.5809478e+00
   1.9820000e+03   4.6369371e+00   6.5816430e+00
   1.9830000e+03   4.6376833e+00   6.5823673e+00
   1.9840000e+03   4.6384053e+00   6.5830759e+00
   1.9850000e+03   4.6391469e+00   6.5837731e+00
   1.9860000e+03   4.6398239e+00   6.5844779e+00
   1.9870000e+03   4.6404781e+00   6.5851769e+00
   1.9880000e+03   4.6411212e+00   6.5858858e+00
   1.9890000e+03   4.6417196e+00   6.5865666e+00
   1.9900000e+03   4.6423007e+00   6.5872719e+00
   1.9910000e+03   4.6428836e+00   6.5879522e+00
   1.9920000e+03   4.6434948e+00   6.5886161e+00
   1.9930000e+03   4.6440250e+00   6.5892698e+00
   1.9940000e+03   4.6445266e+00   6.5899066e+00
   1.9950000e+03   4.6450836e+00   6.5905488e+00
   1.9960000e+03   4.6455808e+00   6.5911689e+00
   1.9970000e+03   4.6460523e+00   6.5917871e+00
   1.9980000e+03   4.6464640e+00   6.5923988e+00
   1.9990000e+03   4.6468704e+00   6.5929790e+00
   2.0000000e+03   4.6472666e+00   6.5935498e+00
