# Time: 2021-09-19 01:21:19.634000
# Computer: 686DR2
# Program commandline: ['console_DE_v4.py', '-att', '31', '-daqloop', '10', '-wl', '1570']
# cwd: C:\Python\de_v3
#
#  NIST Detector:  SMA0
#
# Config
# {'ch': 0, 'sw_pm': 1, 'skip_zero': False, 'measure_cmax': False, 'target_att': 31.0, 'both_pol': False, 'daqloop': 10, 'basefilename': 'C:\\Users\\qittlab/Documents/686DR2/2021_09_19/01_21.dat', 'bias_dict': [0.3, 0.7, 0.01, 0.5], 'take_darks': True, 'use_att': -1, 'cmax_stop': 12.0, 'thresh': 0.5, 'wavelength': 1570, 'readings': 5, 'hysteresis_ch': 4, 'wait_for_att': 3, 'cmax_num': 5, 'use_comparator': True, 'd': 0, 'nocal': False, 'initial_range': 0, 'use_config_att': False, 'thresh_ch': 3, 'sw_det': 2, 'cmax_vstart': 0.4, 'cmax_start': 34.0, 'hysteresis': 4.0, 'max_pol': True, 'counter_time': 1, 'target_rate': 400000, 'nopol': False}
#
# Dark counts
##########
# scan bias
# case: 10
##########
# Voltage source
##########
# Voltage meter
# Keithley199 dmm; addr: 8
##########
# Counter
# Counter is SR400, gpib: 23
# Counter threshold is -0.3
# Counter slope (0:+, 1:-) is 1.0
# channel: 0
#  time: 1.000000e+00
#####
#  time, vbias, vdmm, thresh, counts
1632036098.34 0.300 2.884e-03 -0.300          0
1632036099.74 0.300 3.280e-03 -0.300          0
1632036101.16 0.300 3.278e-03 -0.300          0
1632036102.57 0.300 3.280e-03 -0.300          0
1632036103.97 0.300 3.281e-03 -0.300          0
1632036105.39 0.300 3.274e-03 -0.300          0
1632036106.81 0.300 3.283e-03 -0.300          0
1632036108.22 0.300 3.288e-03 -0.300          0
1632036109.63 0.300 3.282e-03 -0.300          0
1632036111.05 0.300 3.276e-03 -0.300          0
1632036112.45 0.310 3.292e-03 -0.300          0
1632036113.86 0.310 3.307e-03 -0.300          0
1632036115.27 0.310 3.287e-03 -0.300          0
1632036116.69 0.310 3.284e-03 -0.300          0
1632036118.10 0.310 3.297e-03 -0.300          0
1632036119.51 0.310 3.289e-03 -0.300          0
1632036120.93 0.310 3.291e-03 -0.300          0
1632036122.34 0.310 3.292e-03 -0.300          0
1632036123.74 0.310 3.296e-03 -0.300          0
1632036125.16 0.310 3.293e-03 -0.300          0
1632036126.60 0.320 3.296e-03 -0.300          0
1632036128.01 0.320 3.311e-03 -0.300          0
1632036129.42 0.320 3.314e-03 -0.300          0
1632036130.84 0.320 3.305e-03 -0.300          0
1632036132.25 0.320 3.291e-03 -0.300          0
1632036133.65 0.320 3.311e-03 -0.300          0
1632036135.07 0.320 3.320e-03 -0.300          0
1632036136.49 0.320 3.303e-03 -0.300          0
1632036137.89 0.320 3.295e-03 -0.300          0
1632036139.31 0.320 3.310e-03 -0.300          0
1632036140.73 0.330 3.311e-03 -0.300          0
1632036142.13 0.330 3.317e-03 -0.300          0
1632036143.55 0.330 3.321e-03 -0.300          0
1632036144.97 0.330 3.320e-03 -0.300          0
1632036146.39 0.330 3.314e-03 -0.300          0
1632036147.80 0.330 3.317e-03 -0.300          0
1632036149.22 0.330 3.317e-03 -0.300          0
1632036150.64 0.330 3.334e-03 -0.300          0
1632036152.05 0.330 3.327e-03 -0.300          0
1632036153.46 0.330 3.323e-03 -0.300          0
1632036154.88 0.340 3.323e-03 -0.300          0
1632036156.29 0.340 3.339e-03 -0.300          0
1632036157.69 0.340 3.334e-03 -0.300          0
1632036159.11 0.340 3.329e-03 -0.300          0
1632036160.51 0.340 3.334e-03 -0.300          0
1632036161.91 0.340 3.335e-03 -0.300          0
1632036163.32 0.340 3.323e-03 -0.300          0
1632036164.74 0.340 3.336e-03 -0.300          0
1632036166.15 0.340 3.337e-03 -0.300          0
1632036167.55 0.340 3.338e-03 -0.300          0
1632036168.96 0.350 3.322e-03 -0.300          0
1632036170.38 0.350 3.350e-03 -0.300          0
1632036171.79 0.350 3.343e-03 -0.300          0
1632036173.21 0.350 3.349e-03 -0.300          0
1632036174.63 0.350 3.329e-03 -0.300          1
1632036176.03 0.350 3.359e-03 -0.300          0
1632036177.45 0.350 3.359e-03 -0.300          0
1632036178.88 0.350 3.347e-03 -0.300          0
1632036180.29 0.350 3.343e-03 -0.300          0
1632036181.69 0.350 3.345e-03 -0.300          0
1632036183.10 0.360 3.348e-03 -0.300          0
1632036184.51 0.360 3.356e-03 -0.300          1
1632036185.91 0.360 3.357e-03 -0.300          0
1632036187.32 0.360 3.364e-03 -0.300          2
1632036188.74 0.360 3.359e-03 -0.300          0
1632036190.15 0.360 3.342e-03 -0.300          0
1632036191.56 0.360 3.363e-03 -0.300          0
1632036192.99 0.360 3.366e-03 -0.300          0
1632036194.40 0.360 3.360e-03 -0.300          0
1632036195.80 0.360 3.341e-03 -0.300          1
1632036197.22 0.370 3.376e-03 -0.300          2
1632036198.65 0.370 3.379e-03 -0.300          4
1632036200.05 0.370 3.365e-03 -0.300          2
1632036201.47 0.370 3.370e-03 -0.300          8
1632036202.89 0.370 3.372e-03 -0.300          4
1632036204.30 0.370 3.372e-03 -0.300          3
1632036205.71 0.370 3.373e-03 -0.300          5
1632036207.13 0.370 3.372e-03 -0.300          8
1632036208.54 0.370 3.379e-03 -0.300          4
1632036209.94 0.370 3.369e-03 -0.300          4
1632036211.36 0.380 3.377e-03 -0.300         11
1632036212.79 0.380 3.380e-03 -0.300          7
1632036214.20 0.380 3.392e-03 -0.300         17
1632036215.61 0.380 3.381e-03 -0.300         21
1632036217.03 0.380 3.375e-03 -0.300         11
1632036218.44 0.380 3.381e-03 -0.300         18
1632036219.85 0.380 3.389e-03 -0.300         13
1632036221.27 0.380 3.382e-03 -0.300         12
1632036222.70 0.380 3.374e-03 -0.300         13
1632036224.11 0.380 3.382e-03 -0.300         13
1632036225.52 0.390 3.382e-03 -0.300         42
1632036226.95 0.390 3.394e-03 -0.300         47
1632036228.36 0.390 3.388e-03 -0.300         41
1632036229.76 0.390 3.405e-03 -0.300         43
1632036231.17 0.390 3.397e-03 -0.300         38
1632036232.59 0.390 3.403e-03 -0.300         49
1632036233.99 0.390 3.399e-03 -0.300         37
1632036235.41 0.390 3.403e-03 -0.300         39
1632036236.84 0.390 3.400e-03 -0.300         53
1632036238.25 0.390 3.389e-03 -0.300         58
1632036239.65 0.400 3.404e-03 -0.300        105
1632036241.07 0.400 3.422e-03 -0.300        100
1632036242.47 0.400 3.406e-03 -0.300        106
1632036243.88 0.400 3.407e-03 -0.300        110
1632036245.29 0.400 3.407e-03 -0.300        116
1632036246.70 0.400 3.421e-03 -0.300        117
1632036248.11 0.400 3.410e-03 -0.300         96
1632036249.53 0.400 3.399e-03 -0.300         94
1632036250.96 0.400 3.413e-03 -0.300        103
1632036252.37 0.400 3.421e-03 -0.300        112
1632036253.77 0.410 3.410e-03 -0.300        186
1632036255.18 0.410 3.426e-03 -0.300        210
1632036256.61 0.410 3.430e-03 -0.300        216
1632036258.01 0.410 3.417e-03 -0.300        224
1632036259.43 0.410 3.406e-03 -0.300        239
1632036260.84 0.410 3.423e-03 -0.300        241
1632036262.25 0.410 3.432e-03 -0.300        206
1632036263.65 0.410 3.418e-03 -0.300        195
1632036265.06 0.410 3.410e-03 -0.300        204
1632036266.46 0.410 3.432e-03 -0.300        220
1632036267.87 0.420 3.426e-03 -0.300        318
1632036269.29 0.420 3.442e-03 -0.300        328
1632036270.72 0.420 3.417e-03 -0.300        312
1632036272.13 0.420 3.443e-03 -0.300        323
1632036273.55 0.420 3.445e-03 -0.300        360
1632036274.96 0.420 3.445e-03 -0.300        342
1632036276.36 0.420 3.439e-03 -0.300        306
1632036277.76 0.420 3.442e-03 -0.300        338
1632036279.18 0.420 3.429e-03 -0.300        343
1632036280.60 0.420 3.425e-03 -0.300        318
1632036282.00 0.430 3.443e-03 -0.300        503
1632036283.41 0.430 3.458e-03 -0.300        482
1632036284.84 0.430 3.448e-03 -0.300        475
1632036286.25 0.430 3.446e-03 -0.300        480
1632036287.65 0.430 3.449e-03 -0.300        484
1632036289.08 0.430 3.465e-03 -0.300        465
1632036290.50 0.430 3.454e-03 -0.300        510
1632036291.90 0.430 3.438e-03 -0.300        475
1632036293.32 0.430 3.446e-03 -0.300        498
1632036294.74 0.430 3.457e-03 -0.300        466
1632036296.14 0.440 3.456e-03 -0.300        747
1632036297.56 0.440 3.465e-03 -0.300        660
1632036298.97 0.440 3.472e-03 -0.300        718
1632036300.38 0.440 3.471e-03 -0.300        701
1632036301.79 0.440 3.454e-03 -0.300        711
1632036303.19 0.440 3.465e-03 -0.300        698
1632036304.61 0.440 3.469e-03 -0.300        697
1632036306.01 0.440 3.455e-03 -0.300        688
1632036307.43 0.440 3.467e-03 -0.300        649
1632036308.86 0.440 3.468e-03 -0.300        731
1632036310.27 0.450 3.487e-03 -0.300       1054
1632036311.67 0.450 3.476e-03 -0.300       1060
1632036313.10 0.450 3.470e-03 -0.300       1049
1632036314.51 0.450 3.486e-03 -0.300       1083
1632036315.91 0.450 3.475e-03 -0.300       1040
1632036317.33 0.450 3.473e-03 -0.300       1073
1632036318.75 0.450 3.479e-03 -0.300        979
1632036320.15 0.450 3.484e-03 -0.300       1081
1632036321.57 0.450 3.476e-03 -0.300       1064
1632036323.00 0.450 3.464e-03 -0.300       1047
1632036324.41 0.460 3.484e-03 -0.300       1657
1632036325.81 0.460 3.501e-03 -0.300       1717
1632036327.22 0.460 3.488e-03 -0.300       1645
1632036328.64 0.460 3.488e-03 -0.300       1660
1632036330.05 0.460 3.485e-03 -0.300       1646
1632036331.46 0.460 3.501e-03 -0.300       1660
1632036332.88 0.460 3.491e-03 -0.300       1671
1632036334.29 0.460 3.487e-03 -0.300       1587
1632036335.69 0.460 3.492e-03 -0.300       1675
1632036337.13 0.460 3.508e-03 -0.300       1662
1632036338.54 0.470 3.478e-03 -0.300       2555
1632036339.95 0.470 3.497e-03 -0.300       2569
1632036341.37 0.470 3.507e-03 -0.300       2589
1632036342.79 0.470 3.504e-03 -0.300       2607
1632036344.20 0.470 3.506e-03 -0.300       2553
1632036345.60 0.470 3.504e-03 -0.300       2616
1632036347.02 0.470 3.509e-03 -0.300       2711
1632036348.44 0.470 3.505e-03 -0.300       2547
1632036349.85 0.470 3.492e-03 -0.300       2629
1632036351.27 0.470 3.504e-03 -0.300       2602
1632036352.68 0.480 3.513e-03 -0.300       4028
1632036354.08 0.480 3.519e-03 -0.300       4037
1632036355.49 0.480 3.512e-03 -0.300       4026
1632036356.91 0.480 3.520e-03 -0.300       3993
1632036358.32 0.480 3.522e-03 -0.300       4000
1632036359.72 0.480 3.519e-03 -0.300       3976
1632036361.14 0.480 3.524e-03 -0.300       3950
1632036362.55 0.480 3.517e-03 -0.300       4049
1632036363.95 0.480 3.516e-03 -0.300       3933
1632036365.37 0.480 3.504e-03 -0.300       3962
1632036366.79 0.490 3.524e-03 -0.300       5942
1632036368.20 0.490 3.536e-03 -0.300       5961
1632036369.61 0.490 3.529e-03 -0.300       6125
1632036371.02 0.490 3.509e-03 -0.300       5932
1632036372.44 0.490 3.529e-03 -0.300       6028
1632036373.84 0.490 3.549e-03 -0.300       5855
1632036375.25 0.490 3.528e-03 -0.300       5998
1632036376.68 0.490 3.533e-03 -0.300       5979
1632036378.08 0.490 3.529e-03 -0.300       6005
1632036379.49 0.490 3.522e-03 -0.300       5958
1632036380.91 0.500 3.529e-03 -0.300       8405
1632036382.32 0.500 3.546e-03 -0.300       8441
1632036383.72 0.500 3.548e-03 -0.300       8281
1632036385.14 0.500 3.540e-03 -0.300       8503
1632036386.55 0.500 3.546e-03 -0.300       8323
1632036387.95 0.500 3.549e-03 -0.300       8429
1632036389.37 0.500 3.551e-03 -0.300       8120
1632036390.81 0.500 3.547e-03 -0.300       8163
1632036392.22 0.500 3.538e-03 -0.300       8380
1632036393.62 0.500 3.548e-03 -0.300       8360
1632036395.03 0.510 3.579e-03 -0.300      11269
1632036396.43 0.510 3.558e-03 -0.300      11508
1632036397.84 0.510 3.557e-03 -0.300      11509
1632036399.25 0.510 3.559e-03 -0.300      11461
1632036400.67 0.510 3.556e-03 -0.300      11489
1632036402.07 0.510 3.554e-03 -0.300      11433
1632036403.48 0.510 3.558e-03 -0.300      11556
1632036404.91 0.510 3.563e-03 -0.300      11338
1632036406.32 0.510 3.554e-03 -0.300      11516
1632036407.72 0.510 3.540e-03 -0.300      11536
1632036409.15 0.520 3.561e-03 -0.300      14716
1632036410.56 0.520 3.584e-03 -0.300      14946
1632036411.96 0.520 3.569e-03 -0.300      15024
1632036413.38 0.520 3.553e-03 -0.300      15055
1632036414.81 0.520 3.578e-03 -0.300      14930
1632036416.22 0.520 3.583e-03 -0.300      14777
1632036417.63 0.520 3.571e-03 -0.300      14840
1632036419.05 0.520 3.568e-03 -0.300      15066
1632036420.45 0.520 3.576e-03 -0.300      15035
1632036421.86 0.520 3.571e-03 -0.300      14894
1632036423.27 0.530 3.573e-03 -0.300      18686
1632036424.70 0.530 3.582e-03 -0.300      18929
1632036426.11 0.530 3.589e-03 -0.300      18943
1632036427.52 0.530 3.579e-03 -0.300      18846
1632036428.95 0.530 3.573e-03 -0.300      19037
1632036430.36 0.530 3.580e-03 -0.300      18863
1632036431.77 0.530 3.593e-03 -0.300      19072
1632036433.17 0.530 3.592e-03 -0.300      19099
1632036434.59 0.530 3.571e-03 -0.300      18831
1632036435.99 0.530 3.590e-03 -0.300      19027
1632036437.41 0.540 3.604e-03 -0.300      23125
1632036438.84 0.540 3.595e-03 -0.300      23166
1632036440.25 0.540 3.606e-03 -0.300      23003
1632036441.65 0.540 3.592e-03 -0.300      23050
1632036443.07 0.540 3.599e-03 -0.300      23238
1632036444.48 0.540 3.601e-03 -0.300      22681
1632036445.88 0.540 3.602e-03 -0.300      23124
1632036447.31 0.540 3.604e-03 -0.300      23297
1632036448.73 0.540 3.605e-03 -0.300      23145
1632036450.13 0.540 3.594e-03 -0.300      23149
1632036451.55 0.550 3.612e-03 -0.300      27593
1632036452.97 0.550 3.623e-03 -0.300      27548
1632036454.39 0.550 3.614e-03 -0.300      27745
1632036455.80 0.550 3.600e-03 -0.300      27537
1632036457.21 0.550 3.614e-03 -0.300      27574
1632036458.63 0.550 3.626e-03 -0.300      27775
1632036460.04 0.550 3.611e-03 -0.300      27761
1632036461.45 0.550 3.619e-03 -0.300      27596
1632036462.88 0.550 3.617e-03 -0.300      27589
1632036464.29 0.550 3.613e-03 -0.300      27778
1632036465.69 0.560 3.621e-03 -0.300      32256
1632036467.11 0.560 3.615e-03 -0.300      32108
1632036468.52 0.560 3.629e-03 -0.300      32188
1632036469.92 0.560 3.636e-03 -0.300      32172
1632036471.34 0.560 3.623e-03 -0.300      32153
1632036472.77 0.560 1.000e+10 -0.300          0
1632036474.18 0.560 1.000e+10 -0.300          0
1632036475.59 0.560 1.000e+10 -0.300          0
1632036477.00 0.560 1.000e+10 -0.300          0
1632036478.42 0.560 1.000e+10 -0.300          0
#  Light counts
##########
# scan bias
# case: 10
##########
# Voltage source
##########
# Voltage meter
# Keithley199 dmm; addr: 8
##########
# Counter
# Counter is SR400, gpib: 23
# Counter threshold is -0.3
# Counter slope (0:+, 1:-) is 1.0
# channel: 0
#  time: 1.000000e+00
#####
#  time, vbias, vdmm, thresh, counts
1632037427.37 0.300 2.883e-03 -0.300          0
1632037428.79 0.300 3.270e-03 -0.300          0
1632037430.20 0.300 3.266e-03 -0.300          0
1632037431.61 0.300 3.278e-03 -0.300          0
1632037433.03 0.300 3.285e-03 -0.300          0
1632037434.43 0.300 3.278e-03 -0.300          0
1632037435.83 0.300 3.275e-03 -0.300          0
1632037437.25 0.300 3.280e-03 -0.300          0
1632037438.68 0.300 3.275e-03 -0.300          0
1632037440.08 0.300 3.275e-03 -0.300          0
1632037441.49 0.310 3.276e-03 -0.300          0
1632037442.91 0.310 3.288e-03 -0.300          0
1632037444.32 0.310 3.301e-03 -0.300          0
1632037445.72 0.310 3.279e-03 -0.300          0
1632037447.15 0.310 3.292e-03 -0.300          1
1632037448.56 0.310 3.296e-03 -0.300          0
1632037449.96 0.310 3.282e-03 -0.300          0
1632037451.37 0.310 3.273e-03 -0.300          0
1632037452.80 0.310 3.283e-03 -0.300          0
1632037454.21 0.310 3.300e-03 -0.300          0
1632037455.61 0.320 3.283e-03 -0.300          1
1632037457.02 0.320 3.296e-03 -0.300          3
1632037458.43 0.320 3.304e-03 -0.300          0
1632037459.84 0.320 3.301e-03 -0.300          0
1632037461.24 0.320 3.301e-03 -0.300          0
1632037462.67 0.320 3.302e-03 -0.300          0
1632037464.08 0.320 3.301e-03 -0.300          0
1632037465.48 0.320 3.304e-03 -0.300          0
1632037466.89 0.320 3.300e-03 -0.300          1
1632037468.30 0.320 3.294e-03 -0.300          2
1632037469.70 0.330 3.322e-03 -0.300         10
1632037471.13 0.330 3.317e-03 -0.300          9
1632037472.54 0.330 3.310e-03 -0.300         17
1632037473.94 0.330 3.315e-03 -0.300         13
1632037475.35 0.330 3.315e-03 -0.300          9
1632037476.76 0.330 3.311e-03 -0.300          8
1632037478.17 0.330 3.303e-03 -0.300         10
1632037479.58 0.330 3.315e-03 -0.300         14
1632037480.99 0.330 3.321e-03 -0.300          6
1632037482.41 0.330 3.313e-03 -0.300         13
1632037483.81 0.340 3.310e-03 -0.300         99
1632037485.23 0.340 3.326e-03 -0.300        112
1632037486.65 0.340 3.335e-03 -0.300        122
1632037488.06 0.340 3.325e-03 -0.300        126
1632037489.46 0.340 3.331e-03 -0.300        105
1632037490.87 0.340 3.346e-03 -0.300        108
1632037492.28 0.340 3.333e-03 -0.300         95
1632037493.68 0.340 3.312e-03 -0.300        119
1632037495.10 0.340 3.331e-03 -0.300        123
1632037496.51 0.340 3.344e-03 -0.300         82
1632037497.91 0.350 3.332e-03 -0.300        927
1632037499.32 0.350 3.338e-03 -0.300        893
1632037500.74 0.350 3.347e-03 -0.300        881
1632037502.14 0.350 3.345e-03 -0.300        913
1632037503.56 0.350 3.347e-03 -0.300        834
1632037504.97 0.350 3.345e-03 -0.300        897
1632037506.39 0.350 3.346e-03 -0.300        895
1632037507.79 0.350 3.343e-03 -0.300        869
1632037509.21 0.350 3.332e-03 -0.300        890
1632037510.63 0.350 3.344e-03 -0.300        820
1632037512.03 0.360 3.366e-03 -0.300       4554
1632037513.44 0.360 3.356e-03 -0.300       4640
1632037514.86 0.360 3.345e-03 -0.300       4687
1632037516.27 0.360 3.361e-03 -0.300       4489
1632037517.67 0.360 3.376e-03 -0.300       4618
1632037519.09 0.360 3.358e-03 -0.300       4685
1632037520.50 0.360 3.360e-03 -0.300       4677
1632037521.91 0.360 3.364e-03 -0.300       4645
1632037523.32 0.360 3.362e-03 -0.300       4678
1632037524.75 0.360 3.355e-03 -0.300       4632
1632037526.16 0.370 3.364e-03 -0.300      16743
1632037527.56 0.370 3.382e-03 -0.300      16823
1632037528.98 0.370 3.372e-03 -0.300      16800
1632037530.39 0.370 3.369e-03 -0.300      16826
1632037531.80 0.370 3.365e-03 -0.300      16923
1632037533.20 0.370 3.380e-03 -0.300      16884
1632037534.62 0.370 3.375e-03 -0.300      16907
1632037536.02 0.370 3.357e-03 -0.300      16718
1632037537.43 0.370 3.376e-03 -0.300      16612
1632037538.85 0.370 3.393e-03 -0.300      16870
1632037540.26 0.380 3.390e-03 -0.300      42526
1632037541.67 0.380 3.395e-03 -0.300      41972
1632037543.08 0.380 3.398e-03 -0.300      42721
1632037544.48 0.380 3.392e-03 -0.300      42592
1632037545.88 0.380 3.394e-03 -0.300      42310
1632037547.29 0.380 3.392e-03 -0.300      42474
1632037548.71 0.380 3.396e-03 -0.300      42479
1632037550.12 0.380 3.391e-03 -0.300      42745
1632037551.52 0.380 3.382e-03 -0.300      42629
1632037552.93 0.380 3.400e-03 -0.300      42310
1632037554.34 0.390 3.406e-03 -0.300      79543
1632037555.74 0.390 3.408e-03 -0.300      80101
1632037557.15 0.390 3.402e-03 -0.300      80025
1632037558.57 0.390 3.410e-03 -0.300      79665
1632037559.97 0.390 3.417e-03 -0.300      80002
1632037561.38 0.390 3.416e-03 -0.300      79731
1632037562.80 0.390 3.402e-03 -0.300      79555
1632037564.21 0.390 3.421e-03 -0.300      79565
1632037565.61 0.390 3.412e-03 -0.300      79871
1632037567.03 0.390 3.406e-03 -0.300      79438
1632037568.45 0.400 3.425e-03 -0.300     119231
1632037569.85 0.400 3.436e-03 -0.300     119093
1632037571.27 0.400 3.416e-03 -0.300     119191
1632037572.68 0.400 3.412e-03 -0.300     119018
1632037574.09 0.400 3.433e-03 -0.300     119051
1632037575.49 0.400 3.438e-03 -0.300     119817
1632037576.90 0.400 3.421e-03 -0.300     119213
1632037578.31 0.400 3.423e-03 -0.300     119030
1632037579.71 0.400 3.431e-03 -0.300     119024
1632037581.14 0.400 3.425e-03 -0.300     118954
1632037582.55 0.410 3.425e-03 -0.300     151386
1632037583.95 0.410 3.444e-03 -0.300     151712
1632037585.37 0.410 3.452e-03 -0.300     150727
1632037586.78 0.410 3.441e-03 -0.300     151205
1632037588.19 0.410 3.433e-03 -0.300     150912
1632037589.59 0.410 3.436e-03 -0.300     152315
1632037591.01 0.410 3.451e-03 -0.300     152250
1632037592.42 0.410 3.447e-03 -0.300     151394
1632037593.83 0.410 3.445e-03 -0.300     151793
1632037595.24 0.410 3.448e-03 -0.300     151926
1632037596.67 0.420 3.451e-03 -0.300     174013
1632037598.08 0.420 3.459e-03 -0.300     175323
1632037599.48 0.420 3.454e-03 -0.300     174186
1632037600.91 0.420 3.454e-03 -0.300     174318
1632037602.32 0.420 3.455e-03 -0.300     174212
1632037603.72 0.420 3.455e-03 -0.300     173988
1632037605.14 0.420 3.453e-03 -0.300     173965
1632037606.55 0.420 3.453e-03 -0.300     174998
1632037607.95 0.420 3.456e-03 -0.300     174272
1632037609.36 0.420 3.449e-03 -0.300     174728
1632037610.79 0.430 3.467e-03 -0.300     190539
1632037612.20 0.430 3.479e-03 -0.300     190094
1632037613.60 0.430 3.463e-03 -0.300     190755
1632037615.02 0.430 3.448e-03 -0.300     190612
1632037616.43 0.430 3.475e-03 -0.300     189577
1632037617.84 0.430 3.484e-03 -0.300     190059
1632037619.24 0.430 3.470e-03 -0.300     190109
1632037620.65 0.430 3.469e-03 -0.300     190415
1632037622.05 0.430 3.472e-03 -0.300     190472
1632037623.46 0.430 3.467e-03 -0.300     190723
1632037624.88 0.440 3.466e-03 -0.300     202256
1632037626.29 0.440 3.472e-03 -0.300     201710
1632037627.69 0.440 3.488e-03 -0.300     202007
1632037629.11 0.440 3.482e-03 -0.300     201856
1632037630.52 0.440 3.465e-03 -0.300     201789
1632037631.92 0.440 3.481e-03 -0.300     201254
1632037633.34 0.440 3.486e-03 -0.300     201671
1632037634.77 0.440 3.479e-03 -0.300     201596
1632037636.18 0.440 3.475e-03 -0.300     201276
1632037637.58 0.440 3.481e-03 -0.300     201999
1632037639.01 0.450 3.513e-03 -0.300     210270
1632037640.41 0.450 3.501e-03 -0.300     209702
1632037641.81 0.450 3.492e-03 -0.300     209909
1632037643.22 0.450 3.498e-03 -0.300     209582
1632037644.64 0.450 3.493e-03 -0.300     209688
1632037646.04 0.450 3.498e-03 -0.300     209369
1632037647.45 0.450 3.499e-03 -0.300     209226
1632037648.86 0.450 3.501e-03 -0.300     209857
1632037650.27 0.450 3.494e-03 -0.300     209230
1632037651.68 0.450 3.480e-03 -0.300     209840
1632037653.09 0.460 3.493e-03 -0.300     214757
1632037654.51 0.460 3.506e-03 -0.300     215776
1632037655.91 0.460 3.511e-03 -0.300     215894
1632037657.33 0.460 3.503e-03 -0.300     216673
1632037658.75 0.460 3.508e-03 -0.300     216138
1632037660.15 0.460 3.523e-03 -0.300     215808
1632037661.57 0.460 3.509e-03 -0.300     216390
1632037662.97 0.460 3.506e-03 -0.300     216036
1632037664.39 0.460 3.523e-03 -0.300     216105
1632037665.80 0.460 3.508e-03 -0.300     215678
1632037667.21 0.470 3.512e-03 -0.300     219459
1632037668.64 0.470 3.526e-03 -0.300     219150
1632037670.04 0.470 3.530e-03 -0.300     220528
1632037671.45 0.470 3.526e-03 -0.300     220385
1632037672.87 0.470 3.509e-03 -0.300     219647
1632037674.28 0.470 3.524e-03 -0.300     219985
1632037675.68 0.470 3.530e-03 -0.300     219708
1632037677.09 0.470 3.525e-03 -0.300     219796
1632037678.50 0.470 3.518e-03 -0.300     219566
1632037679.90 0.470 3.524e-03 -0.300     219439
1632037681.32 0.480 3.543e-03 -0.300     223723
1632037682.73 0.480 3.538e-03 -0.300     223561
1632037684.13 0.480 3.529e-03 -0.300     223867
1632037685.54 0.480 3.536e-03 -0.300     223270
1632037686.95 0.480 3.537e-03 -0.300     224397
1632037688.36 0.480 3.539e-03 -0.300     223737
1632037689.77 0.480 3.541e-03 -0.300     223556
1632037691.17 0.480 3.548e-03 -0.300     224319
1632037692.59 0.480 3.539e-03 -0.300     223630
1632037693.99 0.480 3.529e-03 -0.300     222591
1632037695.40 0.490 3.543e-03 -0.300     227045
1632037696.82 0.490 3.562e-03 -0.300     226160
1632037698.23 0.490 3.550e-03 -0.300     226715
1632037699.64 0.490 3.554e-03 -0.300     227020
1632037701.05 0.490 3.553e-03 -0.300     227689
1632037702.46 0.490 3.549e-03 -0.300     227107
1632037703.87 0.490 3.556e-03 -0.300     227768
1632037705.28 0.490 3.554e-03 -0.300     227353
1632037706.71 0.490 3.558e-03 -0.300     227951
1632037708.12 0.490 3.574e-03 -0.300     227675
1632037709.53 0.500 3.567e-03 -0.300     231236
1632037710.94 0.500 3.570e-03 -0.300     231154
1632037712.35 0.500 3.582e-03 -0.300     231913
1632037713.76 0.500 3.565e-03 -0.300     231669
1632037715.17 0.500 3.556e-03 -0.300     230566
1632037716.59 0.500 3.564e-03 -0.300     231329
1632037717.99 0.500 3.575e-03 -0.300     231149
1632037719.40 0.500 3.557e-03 -0.300     231281
1632037720.82 0.500 3.564e-03 -0.300     230867
1632037722.23 0.500 3.564e-03 -0.300     230878
1632037723.64 0.510 3.563e-03 -0.300     234332
1632037725.04 0.510 3.582e-03 -0.300     233321
1632037726.45 0.510 3.583e-03 -0.300     233853
1632037727.85 0.510 3.588e-03 -0.300     234681
1632037729.26 0.510 3.577e-03 -0.300     234426
1632037730.67 0.510 3.578e-03 -0.300     234264
1632037732.08 0.510 3.570e-03 -0.300     235088
1632037733.48 0.510 3.585e-03 -0.300     234705
1632037734.89 0.510 3.581e-03 -0.300     234489
1632037736.30 0.510 3.578e-03 -0.300     234595
1632037737.70 0.520 3.598e-03 -0.300     238836
1632037739.11 0.520 3.614e-03 -0.300     237903
1632037740.53 0.520 3.599e-03 -0.300     239320
1632037741.93 0.520 3.598e-03 -0.300     238661
1632037743.34 0.520 3.605e-03 -0.300     238506
1632037744.76 0.520 3.599e-03 -0.300     238001
1632037746.17 0.520 3.599e-03 -0.300     239155
1632037747.57 0.520 3.596e-03 -0.300     238256
1632037748.99 0.520 3.597e-03 -0.300     238129
1632037750.41 0.520 3.591e-03 -0.300     238004
1632037751.82 0.530 3.585e-03 -0.300     242138
1632037753.22 0.530 3.618e-03 -0.300     242886
1632037754.64 0.530 3.614e-03 -0.300     243027
1632037756.05 0.530 3.604e-03 -0.300     242503
1632037757.45 0.530 3.595e-03 -0.300     243223
1632037758.87 0.530 3.606e-03 -0.300     242746
1632037760.28 0.530 3.632e-03 -0.300     242562
1632037761.69 0.530 3.611e-03 -0.300     242773
1632037763.11 0.530 3.606e-03 -0.300     242311
1632037764.51 0.530 3.622e-03 -0.300     242213
1632037765.91 0.540 3.630e-03 -0.300     247076
1632037767.32 0.540 3.627e-03 -0.300     247301
1632037768.74 0.540 3.628e-03 -0.300     246632
1632037770.15 0.540 3.635e-03 -0.300     246357
1632037771.57 0.540 3.619e-03 -0.300     247368
1632037772.98 0.540 3.612e-03 -0.300     247822
1632037774.39 0.540 3.628e-03 -0.300     247451
1632037775.80 0.540 3.635e-03 -0.300     245991
1632037777.20 0.540 3.624e-03 -0.300     246994
1632037778.62 0.540 3.609e-03 -0.300     247616
1632037780.02 0.550 3.626e-03 -0.300     251279
1632037781.43 0.550 3.650e-03 -0.300     249895
1632037782.85 0.550 3.633e-03 -0.300     250939
1632037784.26 0.550 3.617e-03 -0.300     250635
1632037785.66 0.550 3.639e-03 -0.300     250806
1632037787.09 0.550 3.642e-03 -0.300     252317
1632037788.50 0.550 1.000e+10 -0.300          0
1632037789.91 0.550 1.000e+10 -0.300          0
1632037791.32 0.550 1.000e+10 -0.300          0
1632037792.74 0.550 1.000e+10 -0.300          0
