1082	10942.37	
1083	11971.4	
1084	13000.42	
1085	14029.44	
1086	15058.47	
1087	15719.33	
1088	15818.67	
1089	15918	
1090	16017.33	
1091	16116.66	
1092	16649.04	
1093	17663.86	
1094	18678.69	
1095	19693.52	
1096	20708.34	
1097	20411.58	
1098	19058.72	
1099	17705.86	
1100	16353	
1101	15000.14	
1102	14099.26	
1103	13455.99	
1104	12812.72	
1105	12169.44	
1106	11526.17	
1107	12256.08	
1108	13512.04	
1109	14767.99	
1110	16023.94	
1111	17279.89	
1112	18071.41	
1113	18755.4	
1114	19439.39	
1115	20123.38	
1116	20807.37	
1117	18628.56	
1118	16145.92	
1119	13663.28	
1120	11180.64	
1121	8698	
1122	10368.35	
1123	12038.69	
1124	13709.04	
1125	15379.38	
1126	16767.39	
1127	15557.32	
1128	14347.25	
1129	13137.18	
1130	11927.11	
1131	11341.87	
1132	13256.7	
1133	15171.53	
1134	17086.36	
1135	19001.19	
1136	19448.6	
1137	16535.66	
1138	13622.72	
1139	10709.78	
1140	7796.845	
1141	7091.503	
1142	9536.974	
1143	11982.44	
1144	14427.92	
1145	16873.39	
1146	17439.68	
1147	16291.73	
1148	15143.77	
1149	13995.82	
1150	12847.87	
1151	13147.53	
1152	14275.74	
1153	15403.96	
1154	16532.17	
1155	17660.39	
1156	16856.03	
1157	15417.91	
1158	13979.8	
1159	12541.69	
1160	11103.57	
1161	11498.67	
1162	12160.33	
1163	12822	
1164	13483.67	
1165	14145.33	
1166	16748.88	
1167	19360.27	
1168	21971.67	
1169	24583.06	
1170	26404.55	
1171	22538.59	
1172	18672.63	
1173	14806.66	
1174	10940.7	
1175	8444.546	
1176	10036.51	
1177	11628.47	
1178	13220.44	
1179	14812.4	
1180	16656.9	
1181	18906.44	
1182	21155.98	
1183	23405.53	
1184	25655.07	
1185	24649.75	
1186	20628.41	
1187	16607.07	
1188	12585.73	
1189	8564.391	
1190	9182.851	
1191	12223.8	
1192	15264.75	
1193	18305.7	
1194	21346.65	
1195	21233.04	
1196	20320.78	
1197	19408.52	
1198	18496.26	
1199	17584.01	
1200	19067.05	
1201	20694.9	
1202	22322.75	
1203	23950.6	
1204	25077.13	
1205	21132.6	
1206	17188.08	
1207	13243.55	
1208	9299.025	
1209	6972.415	
1210	9742.151	
1211	12511.89	
1212	15281.63	
1213	18051.36	
1214	19107.35	
1215	17538.7	
1216	15970.05	
1217	14401.4	
1218	12832.75	
1219	12735.83	
1220	13833.34	
1221	14930.86	
1222	16028.37	
1223	17125.88	
1224	17361.71	
1225	17247.38	
1226	17133.05	
1227	17018.73	
1228	16904.4	
1229	15533.22	
1230	13980.87	
1231	12428.53	
1232	10876.19	
1233	9504.052	
1234	12452.48	
1235	15400.9	
1236	18349.33	
1237	21297.75	
1238	23473.65	
1239	22725.52	
1240	21977.38	
1241	21229.25	
1242	20481.11	
1243	19952.13	
1244	19779.25	
1245	19606.36	
1246	19433.47	
1247	19260.59	
1248	18527.31	
1249	17348.34	
1250	16169.38	
1251	14990.41	
1252	13811.44	
1253	13834.39	
1254	14290.71	
1255	14747.03	
1256	15203.35	
1257	15659.68	
1258	16590.6	
1259	17565.05	
1260	18539.49	
1261	19513.93	
1262	20372.61	
1263	20200.37	
1264	20028.13	
1265	19855.88	
1266	19683.64	
1267	19059.68	
1268	17318.76	
1269	15577.84	
1270	13836.93	
1271	12096.01	
1272	11781.92	
1273	13019.74	
1274	14257.56	
1275	15495.38	
1276	16733.2	
1277	16530.86	
1278	15628.69	
1279	14726.51	
1280	13824.34	
1281	12922.17	
1282	13016.36	
1283	13260.74	
1284	13505.11	
1285	13749.48	
1286	14047.22	
1287	15065.36	
1288	16083.49	
1289	17101.63	
1290	18119.77	
1291	19119.3	
1292	20069.04	
1293	21018.78	
1294	21968.52	
1295	22918.26	
1296	22681.75	
1297	21149.92	
1298	19618.09	
1299	18086.27	
1300	16554.44	
1301	17120.73	
1302	18642.88	
1303	20165.04	
1304	21687.19	
1305	23209.34	
1306	21606.27	
1307	19652.28	
1308	17698.29	
1309	15744.3	
1310	14218.22	
1311	15985.48	
1312	17752.73	
1313	19519.99	
1314	21287.25	
1315	21643.35	
1316	19172.99	
1317	16702.62	
1318	14232.26	
1319	11761.89	
1320	11592.64	
1321	13276.23	
1322	14959.83	
1323	16643.42	
1324	18327.01	
1325	18222.96	
1326	17611.91	
1327	17000.85	
1328	16389.8	
1329	15787.95	
1330	16499.92	
1331	17211.88	
1332	17923.85	
1333	18635.81	
1334	18943.14	
1335	17948.2	
1336	16953.26	
1337	15958.32	
1338	14963.38	
1339	14646.32	
1340	15090.8	
1341	15535.27	
1342	15979.74	
1343	16424.22	
1344	16529.46	
1345	16494.79	
1346	16460.13	
1347	16425.47	
1348	16390.8	
1349	15423.46	
1350	14404.95	
1351	13386.44	
1352	12367.93	
1353	11468.01	
1354	11070.24	
1355	10672.47	
1356	10274.71	
1357	9876.938	
1358	10589.76	
1359	12733.32	
1360	14876.88	
1361	17020.44	
1362	19164	
1363	19371.75	
1364	18693.58	
1365	18015.4	
1366	17337.23	
1367	16659.05	
1368	18391.74	
1369	20283.8	
1370	22175.87	
1371	24067.94	
1372	25707.49	
1373	26297.76	
1374	26888.02	
1375	27478.29	
1376	28068.55	
1377	26426.68	
1378	22078.89	
1379	17731.1	
1380	13383.31	
1381	9035.516	
1382	9993.233	
1383	13076.24	
1384	16159.25	
1385	19242.25	
1386	22325.26	
1387	21210.37	
1388	20001.17	
1389	18791.97	
1390	17582.77	
1391	16748.03	
1392	17061.21	
1393	17374.38	
1394	17687.55	
1395	18000.73	
1396	17447.21	
1397	16083.88	
1398	14720.56	
1399	13357.24	
1400	11993.91	
1401	14755.14	
1402	18606.06	
1403	22456.99	
1404	26307.91	
1405	29528.06	
1406	24101.97	
1407	18675.88	
1408	13249.78	
1409	7823.691	
1410	6040.853	
1411	11083.21	
1412	16125.57	
1413	21167.92	
1414	26210.28	
1415	25631.4	
1416	21765.03	
1417	17898.67	
1418	14032.3	
1419	10165.94	
1420	10167.22	
1421	10518.6	
1422	10869.98	
1423	11221.36	
1424	11749.33	
1425	12953.67	
1426	14158	
1427	15362.33	
1428	16566.66	
1429	17491.23	
1430	18134.94	
1431	18778.65	
1432	19422.36	
1433	20066.07	
1434	18830.1	
1435	17109.56	
1436	15389.03	
1437	13668.5	
1438	12263.6	
1439	13936.44	
1440	15609.28	
1441	17282.13	
1442	18954.96	
1443	20162.36	
1444	20656.92	
1445	21151.48	
1446	21646.05	
1447	22140.61	
1448	19319.96	
1449	15078.18	
1450	10836.39	
1451	6594.609	
1452	2418.365	
1453	6311.447	
1454	10204.53	
1455	14097.61	
1456	17990.69	
1457	20335.35	
1458	19373.95	
1459	18412.56	
1460	17451.17	
1461	16489.78	
1462	17085.14	
1463	18582.87	
1464	20080.59	
1465	21578.32	
1466	23076.04	
1467	20415.63	
1468	17536.14	
1469	14656.65	
1470	11777.16	
1471	10468.91	
1472	13387.45	
1473	16305.98	
1474	19224.52	
1475	22143.06	
1476	23856.92	
1477	24747.36	
1478	25637.79	
1479	26528.23	
1480	27418.67	
1481	25761.72	
1482	23886.33	
1483	22010.94	
1484	20135.54	
1485	18429.72	
1486	17232.59	
1487	16035.46	
1488	14838.33	
1489	13641.19	
1490	14800.88	
1491	17646.25	
1492	20491.62	
1493	23337	
1494	26182.37	
1495	24621	
1496	22670.95	
1497	20720.89	
1498	18770.83	
1499	17292.2	
1500	17168.97	
1501	17045.75	
1502	16922.52	
1503	16799.29	
1504	17374.72	
1505	18415.96	
1506	19457.2	
1507	20498.44	
1508	21539.68	
1509	20461.31	
1510	19259.46	
1511	18057.6	
1512	16855.75	
1513	16285.74	
1514	17240.58	
1515	18195.43	
1516	19150.27	
1517	20105.12	
1518	18554.2	
1519	15618.37	
1520	12682.53	
1521	9746.699	
1522	6810.867	
1523	8775.465	
1524	10744.85	
1525	12714.24	
1526	14683.63	
1527	16285.71	
1528	17223.21	
1529	18160.72	
1530	19098.22	
1531	20035.72	
1532	19611.19	
1533	18649.16	
1534	17687.13	
1535	16725.11	
1536	15801.53	
1537	15320.41	
1538	14839.29	
1539	14358.17	
1540	13877.05	
1541	13958.58	
1542	14736.11	
1543	15513.65	
1544	16291.19	
1545	17068.72	
1546	19258.89	
1547	21765.45	
1548	24272	
1549	26778.55	
1550	28134.62	
1551	24584.15	
1552	21033.69	
1553	17483.22	
1554	13932.76	
1555	13530.79	
1556	15542.66	
1557	17554.52	
1558	19566.38	
1559	21578.24	
1560	20360.7	
1561	18955	
1562	17549.31	
1563	16143.62	
1564	15686.56	
1565	17173.02	
1566	18659.48	
1567	20145.95	
1568	21632.4	
1569	20517.3	
1570	18355.06	
1571	16192.82	
1572	14030.58	
1573	12172.52	
1574	12990.92	
1575	13809.31	
1576	14627.71	
1577	15446.11	
1578	15880.27	
1579	15919.36	
1580	15958.45	
1581	15997.53	
1582	16036.62	
1583	15810.62	
1584	15551.16	
1585	15291.71	
1586	15032.25	
1587	14845.94	
1588	14842.25	
1589	14838.55	
1590	14834.85	
1591	14831.16	
1592	14800.25	
1593	14756.96	
1594	14713.66	
1595	14670.36	
1596	14845.74	
1597	17206.99	
1598	19568.25	
1599	21929.5	
1600	24290.76	
1601	24283.42	
1602	21888.92	
1603	19494.41	
1604	17099.9	
1605	14705.39	
1606	13713.41	
1607	12863.6	
1608	12013.79	
1609	11163.98	
1610	11841.06	
1611	15747.22	
1612	19653.39	
1613	23559.56	
1614	27465.73	
1615	27706.83	
1616	26647.03	
1617	25587.23	
1618	24527.43	
1619	23228.19	
1620	20643.1	
1621	18058.02	
1622	15472.93	
1623	12887.85	
1624	13363.22	
1625	16055.19	
1626	18747.16	
1627	21439.13	
1628	24103.68	
1629	22211.52	
1630	20319.36	
1631	18427.2	
1632	16535.04	
1633	15206.93	
1634	14614.55	
1635	14022.16	
1636	13429.78	
1637	12837.4	
1638	12773.56	
1639	12791.52	
1640	12809.48	
1641	12827.44	
1642	12755.72	
1643	12475.74	
1644	12195.76	
1645	11915.78	
1646	11635.8	
1647	13162.3	
1648	15323.53	
1649	17484.77	
1650	19646.01	
1651	21019.53	
1652	18829.47	
1653	16639.4	
1654	14449.34	
1655	12259.27	
1656	12058.61	
1657	13051.58	
1658	14044.55	
1659	15037.52	
1660	15923.92	
1661	15457.12	
1662	14990.31	
1663	14523.5	
1664	14056.69	
1665	14560.35	
1666	15949.29	
1667	17338.24	
1668	18727.18	
1669	20116.13	
1670	19832.93	
1671	19510.46	
1672	19188	
1673	18865.53	
1674	19153.67	
1675	20238.28	
1676	21322.88	
1677	22407.48	
1678	23492.08	
1679	20328.57	
1680	16661.6	
1681	12994.63	
1682	9327.658	
1683	8089.899	
1684	11226.38	
1685	14362.87	
1686	17499.35	
1687	20635.84	
1688	19142.86	
1689	16654.23	
1690	14165.6	
1691	11676.97	
1692	10972.26	
1693	14593.1	
1694	18213.94	
1695	21834.78	
1696	25455.62	
1697	23907.12	
1698	20762.15	
1699	17617.18	
1700	14472.21	
1701	12386.26	
1702	13654.07	
1703	14921.88	
1704	16189.69	
1705	17457.5	
1706	17392.9	
1707	16805.04	
1708	16217.18	
1709	15629.32	
1710	15747.26	
1711	18689.31	
1712	21631.35	
1713	24573.39	
1714	27515.43	
1715	27005.26	
1716	24908.02	
1717	22810.77	
1718	20713.53	
1719	18671.8	
1720	16897.36	
1721	15122.93	
1722	13348.49	
1723	11574.05	
1724	12050.93	
1725	13672.33	
1726	15293.73	
1727	16915.13	
1728	18302.61	
1729	18433.88	
1730	18565.16	
1731	18696.44	
1732	18827.71	
1733	17964.11	
1734	16576.55	
1735	15189	
1736	13801.44	
1737	13230.29	
1738	17108.81	
1739	20987.34	
1740	24865.86	
1741	28744.38	
1742	28676.27	
1743	26556.49	
1744	24436.71	
1745	22316.93	
1746	20099.92	
1747	17391	
1748	14682.08	
1749	11973.16	
1750	9264.243	
1751	10667.69	
1752	14060.65	
1753	17453.6	
1754	20846.56	
1755	23509.28	
1756	22997.46	
1757	22485.65	
1758	21973.83	
1759	21462.01	
1760	21120.17	
1761	20850.13	
1762	20580.1	
1763	20310.07	
1764	19905.87	
1765	19031.6	
1766	18157.33	
1767	17283.07	
1768	16408.8	
1769	17501.13	
1770	19270.08	
1771	21039.03	
1772	22807.97	
1773	23866.13	
1774	22993.15	
1775	22120.17	
1776	21247.2	
1777	20374.22	
1778	19670.07	
1779	19008.93	
1780	18347.78	
1781	17686.64	
1782	18196.51	
1783	21094.89	
1784	23993.27	
1785	26891.65	
1786	29790.03	
1787	29174.26	
1788	28000.81	
1789	26827.35	
1790	25653.9	
1791	24729.64	
1792	24177.62	
1793	23625.59	
1794	23073.57	
1795	22521.55	
1796	20047.94	
1797	17453.95	
1798	14859.95	
1799	12265.95	
1800	12015.31	
1801	14253.12	
1802	16490.94	
1803	18728.76	
1804	20914.9	
1805	21537.15	
1806	22159.41	
1807	22781.66	
1808	23403.92	
1809	23840.56	
1810	24143.91	
1811	24447.26	
1812	24750.61	
1813	25129.72	
1814	25994.26	
1815	26858.81	
1816	27723.35	
1817	28587.89	
1818	25814.93	
1819	21415.67	
1820	17016.41	
1821	12617.15	
1822	10960.48	
1823	17488.89	
1824	24017.29	
1825	30545.7	
1826	37074.11	
1827	33669.69	
1828	27980.42	
1829	22291.15	
1830	16601.88	
1831	13969.53	
1832	16345.43	
1833	18721.33	
1834	21097.23	
1835	23473.13	
1836	20550.89	
1837	17332.27	
1838	14113.64	
1839	10895.02	
1840	10306.02	
1841	12153.68	
1842	14001.34	
1843	15849.01	
1844	17318.52	
1845	15143.03	
1846	12967.54	
1847	10792.05	
1848	8616.566	
1849	10223.31	
1850	13676.17	
1851	17129.03	
1852	20581.89	
1853	22969.95	
1854	22214.97	
1855	21459.99	
1856	20705.01	
1857	19950.04	
1858	18338.47	
1859	16560.13	
1860	14781.79	
1861	13003.46	
1862	13550.01	
1863	17241.36	
1864	20932.71	
1865	24624.07	
1866	28207.89	
1867	24737.4	
1868	21266.91	
1869	17796.42	
1870	14325.93	
1871	15990.36	
1872	20951.47	
1873	25912.59	
1874	30873.7	
1875	33604.26	
1876	27682.31	
1877	21760.36	
1878	15838.41	
1879	9916.462	
1880	12524.63	
1881	17198.4	
1882	21872.17	
1883	26545.94	
1884	28399.3	
1885	26159.62	
1886	23919.93	
1887	21680.24	
1888	19440.54	
1889	17199.13	
1890	14957.72	
1891	12716.31	
1892	10474.91	
1893	13633.18	
1894	20058.34	
1895	26483.5	
1896	32908.66	
1897	36273.48	
1898	29675.09	
1899	23076.7	
1900	16478.31	
1901	9879.92	
1902	11411.42	
1903	14377.88	
1904	17344.33	
1905	20310.79	
1906	22450.63	
1907	23654.55	
1908	24858.47	
1909	26062.39	
1910	26846.23	
1911	23380.86	
1912	19915.49	
1913	16450.12	
1914	12984.75	
1915	13316.1	
1916	15161.09	
1917	17006.08	
1918	18851.07	
1919	20019.04	
1920	19884.69	
1921	19750.33	
1922	19615.98	
1923	19481.63	
1924	18356.99	
1925	17204.89	
1926	16052.8	
1927	14900.71	
1928	15434.06	
1929	17058.38	
1930	18682.71	
1931	20307.04	
1932	21574.9	
1933	21738.44	
1934	21901.97	
1935	22065.5	
1936	22229.04	
1937	19158.61	
1938	15663.95	
1939	12169.29	
1940	8674.639	
1941	7790.011	
1942	9239.022	
1943	10688.03	
1944	12137.04	
1945	13743.84	
1946	16099.95	
1947	18456.05	
1948	20812.16	
1949	23168.27	
1950	21634.88	
1951	19270.59	
1952	16906.3	
1953	14542	
1954	13719.57	
1955	14594.8	
1956	15470.03	
1957	16345.26	
1958	17102.17	
1959	17080.75	
1960	17059.32	
1961	17037.9	
1962	17016.48	
1963	19956.76	
1964	23679.52	
1965	27402.27	
1966	31125.03	
1967	30342.05	
1968	24096.96	
1969	17851.87	
1970	11606.77	
1971	6047.447	
1972	5666.467	
1973	5285.486	
1974	4904.506	
1975	4523.526	
1976	7882.379	
1977	12259.39	
1978	16636.41	
1979	21013.42	
1980	23179.87	
1981	22720.1	
1982	22260.32	
1983	21800.55	
1984	21280.38	
1985	20359.52	
1986	19438.65	
1987	18517.79	
1988	17596.92	
1989	16645.36	
1990	15686.55	
1991	14727.75	
1992	13768.94	
1993	13971.39	
1994	15387.27	
1995	16803.15	
1996	18219.03	
1997	19142.69	
1998	17712.91	
1999	16283.14	
2000	14853.36	
2001	13423.59	
2002	14263.36	
2003	15475.64	
2004	16687.92	
2005	17900.2	
2006	20022.47	
2007	22892.45	
2008	25762.42	
2009	28632.4	
2010	30706.14	
2011	30285.13	
2012	29864.12	
2013	29443.12	
2014	29022.11	
2015	27721.73	
2016	26363.22	
2017	25004.7	
2018	23646.19	
2019	21486.7	
2020	18870.68	
2021	16254.67	
2022	13638.66	
2023	11835.46	
2024	11610.31	
2025	11385.16	
2026	11160.01	
2027	11190.44	
2028	16639.26	
2029	22088.09	
2030	27536.92	
2031	32985.74	
2032	30689.88	
2033	25867.61	
2034	21045.34	
2035	16223.08	
2036	15115.84	
2037	18283.46	
2038	21451.09	
2039	24618.72	
2040	26261.81	
2041	20962.31	
2042	15662.81	
2043	10363.31	
2044	5063.818	
2045	10352.99	
2046	16845.55	
2047	23338.11	
2048	29830.66	
2049	28836.85	
2050	23233.09	
2051	17629.33	
2052	12025.57	
2053	9485.452	
2054	12813.13	
2055	16140.81	
2056	19468.49	
2057	22522.95	
2058	21951.29	
2059	21379.63	
2060	20807.96	
2061	20236.3	
2062	18358.82	
2063	16154.97	
2064	13951.13	
2065	11747.29	
2066	12044.35	
2067	14533.01	
2068	17021.67	
2069	19510.33	
2070	21629.85	
2071	22751.42	
2072	23872.99	
2073	24994.56	
2074	26110.49	
2075	26607.78	
2076	27105.07	
2077	27602.36	
2078	28099.65	
2079	25667.53	
2080	22269.08	
2081	18870.63	
2082	15472.18	
2083	15376.29	
2084	18621.9	
2085	21867.51	
2086	25113.12	
2087	26641.21	
2088	22907.73	
2089	19174.25	
2090	15440.77	
2091	11707.29	
2092	15938	
2093	20184.29	
2094	24430.58	
2095	28676.87	
2096	27482.98	
2097	24503.92	
2098	21524.86	
2099	18545.8	
2100	16963.48	
2101	16717.85	
2102	16472.22	
2103	16226.59	
2104	16666.15	
2105	18930.88	
2106	21195.6	
2107	23460.32	
2108	25663.24	
2109	26262.56	
2110	26861.87	
2111	27461.19	
2112	28060.51	
2113	26054.72	
2114	23413.67	
2115	20772.62	
2116	18131.57	
2117	17023.96	
2118	17049.98	
2119	17076.01	
2120	17102.03	
2121	18081.41	
2122	20847.76	
2123	23614.1	
2124	26380.45	
2125	28445.96	
2126	25605.66	
2127	22765.35	
2128	19925.05	
2129	17084.75	
2130	17617.65	
2131	18504.53	
2132	19391.41	
2133	20278.28	
2134	22524.5	
2135	25387.19	
2136	28249.88	
2137	31112.57	
2138	31593.13	
2139	29431.5	
2140	27269.88	
2141	25108.25	
2142	23177.95	
2143	21896.11	
2144	20614.27	
2145	19332.43	
2146	18132.85	
2147	18348.61	
2148	18564.36	
2149	18780.12	
2150	18995.87	
2151	18180.8	
2152	17185.36	
2153	16189.92	
2154	15194.47	
2155	16275.95	
2156	18481.04	
2157	20686.14	
2158	22891.24	
2159	24661.79	
2160	25903.19	
2161	27144.6	
2162	28386.01	
2163	28795.26	
2164	26771.83	
2165	24748.4	
2166	22724.98	
2167	20717.64	
2168	18949.66	
2169	17181.68	
2170	15413.7	
2171	13645.72	
2172	17114.91	
2173	21338.96	
2174	25563	
2175	29787.05	
2176	27965.3	
2177	23401.71	
2178	18838.11	
2179	14274.51	
2180	13412.63	
2181	16180.86	
2182	18949.08	
2183	21717.31	
2184	22202.96	
2185	17946.79	
2186	13690.63	
2187	9434.467	
2188	6954.246	
2189	14701.81	
2190	22449.37	
2191	30196.94	
2192	37944.5	
2193	35637.61	
2194	33063.62	
2195	30489.62	
2196	27915.62	
2197	23935.53	
2198	19612.56	
2199	15289.59	
2200	10966.62	
2201	11604.56	
2202	15081.94	
2203	18559.31	
2204	22036.68	
2205	23551.19	
2206	22869.29	
2207	22187.38	
2208	21505.47	
2209	20438.14	
2210	18513.16	
2211	16588.18	
2212	14663.19	
2213	13451.82	
2214	16218.59	
2215	18985.36	
2216	21752.13	
2217	24518.89	
2218	24265.25	
2219	24002.73	
2220	23740.21	
2221	23477.7	
2222	25453.03	
2223	27838.95	
2224	30224.87	
2225	32610.79	
2226	29103.32	
2227	23022.27	
2228	16941.22	
2229	10860.17	
2230	9312.235	
2231	11472.47	
2232	13632.71	
2233	15792.94	
2234	16977.24	
2235	16739.5	
2236	16501.76	
2237	16264.01	
