1082	8108.419	
1083	8735.109	
1084	9361.799	
1085	9988.488	
1086	10615.18	
1087	11011.92	
1088	11057.93	
1089	11103.94	
1090	11149.95	
1091	11195.96	
1092	11512.95	
1093	12131.85	
1094	12750.75	
1095	13369.65	
1096	13988.54	
1097	13816.34	
1098	13007.15	
1099	12197.96	
1100	11388.76	
1101	10579.57	
1102	10031.09	
1103	9631.207	
1104	9231.324	
1105	8831.441	
1106	8431.559	
1107	8877.574	
1108	9647.64	
1109	10417.71	
1110	11187.77	
1111	11957.84	
1112	12426.83	
1113	12826.12	
1114	13225.41	
1115	13624.7	
1116	14023.99	
1117	12699.27	
1118	11191.58	
1119	9683.884	
1120	8176.192	
1121	6668.5	
1122	7692.189	
1123	8715.878	
1124	9739.566	
1125	10763.25	
1126	11613.97	
1127	10873	
1128	10132.04	
1129	9391.073	
1130	8650.108	
1131	8292.096	
1132	9466.361	
1133	10640.63	
1134	11814.89	
1135	12989.16	
1136	13258.76	
1137	11456.7	
1138	9654.644	
1139	7852.588	
1140	6050.532	
1141	5619.393	
1142	7144.908	
1143	8670.423	
1144	10195.94	
1145	11721.45	
1146	12077.33	
1147	11366.24	
1148	10655.14	
1149	9944.045	
1150	9232.948	
1151	9419.413	
1152	10119.61	
1153	10819.8	
1154	11519.99	
1155	12220.19	
1156	11721.7	
1157	10830.12	
1158	9938.542	
1159	9046.966	
1160	8155.389	
1161	8401.939	
1162	8813.989	
1163	9226.04	
1164	9638.09	
1165	10050.14	
1166	11615.35	
1167	13185.22	
1168	14755.1	
1169	16324.97	
1170	17416.97	
1171	15068.18	
1172	12719.38	
1173	10370.59	
1174	8021.8	
1175	6506.59	
1176	7479.151	
1177	8451.713	
1178	9424.273	
1179	10396.83	
1180	11526.45	
1181	12907.98	
1182	14289.5	
1183	15671.02	
1184	17052.55	
1185	16436.53	
1186	13969.55	
1187	11502.57	
1188	9035.596	
1189	6568.617	
1190	6943.419	
1191	8801.947	
1192	10660.47	
1193	12519	
1194	14377.53	
1195	14309.67	
1196	13754.09	
1197	13198.52	
1198	12642.95	
1199	12087.37	
1200	12997.44	
1201	13996.12	
1202	14994.8	
1203	15993.47	
1204	16685.26	
1205	14272.74	
1206	11860.22	
1207	9447.7	
1208	7035.182	
1209	5615.105	
1210	7321.17	
1211	9027.234	
1212	10733.3	
1213	12439.36	
1214	13093.46	
1215	12136.46	
1216	11179.45	
1217	10222.44	
1218	9265.438	
1219	9209.286	
1220	9884.258	
1221	10559.23	
1222	11234.2	
1223	11909.17	
1224	12052.41	
1225	11979.58	
1226	11906.74	
1227	11833.91	
1228	11761.08	
1229	10936.17	
1230	10002.86	
1231	9069.549	
1232	8136.24	
1233	7311.167	
1234	9081.133	
1235	10851.1	
1236	12621.06	
1237	14391.03	
1238	15700.2	
1239	15265.21	
1240	14830.23	
1241	14395.25	
1242	13960.26	
1243	13656.76	
1244	13566.9	
1245	13477.04	
1246	13387.17	
1247	13297.31	
1248	12842.42	
1249	12097.21	
1250	11352	
1251	10606.8	
1252	9861.59	
1253	9876.65	
1254	10165.84	
1255	10455.03	
1256	10744.22	
1257	11033.41	
1258	11597.56	
1259	12186.92	
1260	12776.28	
1261	13365.64	
1262	13883.79	
1263	13767.84	
1264	13651.88	
1265	13535.92	
1266	13419.97	
1267	13035	
1268	11984.88	
1269	10934.76	
1270	9884.634	
1271	8834.511	
1272	8642.235	
1273	9383.014	
1274	10123.79	
1275	10864.57	
1276	11605.35	
1277	11484.02	
1278	10943.75	
1279	10403.49	
1280	9863.228	
1281	9322.965	
1282	9381.646	
1283	9530.604	
1284	9679.561	
1285	9828.517	
1286	10008.66	
1287	10609.76	
1288	11210.87	
1289	11811.97	
1290	12413.08	
1291	13009.08	
1292	13591.42	
1293	14173.76	
1294	14756.1	
1295	15338.44	
1296	15201.32	
1297	14278.62	
1298	13355.91	
1299	12433.2	
1300	11510.5	
1301	11863.79	
1302	12798.41	
1303	13733.02	
1304	14667.63	
1305	15602.25	
1306	14621.89	
1307	13426.5	
1308	12231.12	
1309	11035.73	
1310	10102.3	
1311	11184.96	
1312	12267.63	
1313	13350.3	
1314	14432.97	
1315	14651.36	
1316	13138.65	
1317	11625.95	
1318	10113.24	
1319	8600.534	
1320	8494.024	
1321	9519.783	
1322	10545.54	
1323	11571.3	
1324	12597.06	
1325	12531.37	
1326	12156.12	
1327	11780.88	
1328	11405.63	
1329	11035.98	
1330	11464.82	
1331	11893.65	
1332	12322.49	
1333	12751.32	
1334	12934.97	
1335	12329.51	
1336	11724.04	
1337	11118.58	
1338	10513.12	
1339	10324.22	
1340	10603.27	
1341	10882.32	
1342	11161.37	
1343	11440.42	
1344	11501.05	
1345	11471.59	
1346	11442.14	
1347	11412.69	
1348	11383.23	
1349	10797.73	
1350	10181.73	
1351	9565.725	
1352	8949.722	
1353	8406.61	
1354	8172.156	
1355	7937.703	
1356	7703.249	
1357	7468.794	
1358	7903.244	
1359	9199.42	
1360	10495.6	
1361	11791.77	
1362	13087.95	
1363	13215.24	
1364	12807.6	
1365	12399.96	
1366	11992.32	
1367	11584.68	
1368	12624.44	
1369	13759.89	
1370	14895.34	
1371	16030.79	
1372	17016.07	
1373	17377.31	
1374	17738.56	
1375	18099.8	
1376	18461.05	
1377	17458.56	
1378	14802.89	
1379	12147.21	
1380	9491.53	
1381	6835.852	
1382	7426.77	
1383	9318.212	
1384	11209.65	
1385	13101.1	
1386	14992.54	
1387	14340.68	
1388	13631.69	
1389	12922.7	
1390	12213.7	
1391	11718.35	
1392	11877.94	
1393	12037.53	
1394	12197.12	
1395	12356.71	
1396	12004.54	
1397	11174.18	
1398	10343.83	
1399	9513.481	
1400	8683.13	
1401	10412.92	
1402	12819.09	
1403	15225.26	
1404	17631.43	
1405	19642.18	
1406	16232.64	
1407	12823.11	
1408	9413.573	
1409	6004.04	
1410	4867.648	
1411	7989.711	
1412	11111.77	
1413	14233.84	
1414	17355.9	
1415	17023.16	
1416	14669.93	
1417	12316.7	
1418	9963.466	
1419	7610.236	
1420	7611.149	
1421	7825.164	
1422	8039.179	
1423	8253.193	
1424	8577.039	
1425	9321.558	
1426	10066.08	
1427	10810.59	
1428	11555.11	
1429	12115.33	
1430	12490.52	
1431	12865.72	
1432	13240.91	
1433	13616.1	
1434	12868.71	
1435	11831.92	
1436	10795.13	
1437	9758.348	
1438	8911.186	
1439	9912.996	
1440	10914.81	
1441	11916.62	
1442	12918.42	
1443	13656.94	
1444	13992.2	
1445	14327.47	
1446	14662.74	
1447	14998	
1448	13214.64	
1449	10523.08	
1450	7831.528	
1451	5139.972	
1452	2490.155	
1453	4979.36	
1454	7468.565	
1455	9957.771	
1456	12446.98	
1457	13944.58	
1458	13325.02	
1459	12705.46	
1460	12085.9	
1461	11466.34	
1462	11820.03	
1463	12737.83	
1464	13655.65	
1465	14573.46	
1466	15491.26	
1467	13877.87	
1468	12131.11	
1469	10384.35	
1470	8637.593	
1471	7844.669	
1472	9617.643	
1473	11390.62	
1474	13163.59	
1475	14936.56	
1476	15971.86	
1477	16502.93	
1478	17034.01	
1479	17565.08	
1480	18096.16	
1481	17097.97	
1482	15968.64	
1483	14839.32	
1484	13709.99	
1485	12679.25	
1486	11944.26	
1487	11209.27	
1488	10474.28	
1489	9739.285	
1490	10451.76	
1491	12199.53	
1492	13947.3	
1493	15695.07	
1494	17442.84	
1495	16492.9	
1496	15305.01	
1497	14117.13	
1498	12929.24	
1499	12033.89	
1500	11979.6	
1501	11925.3	
1502	11871.01	
1503	11816.72	
1504	12145.66	
1505	12730.13	
1506	13314.59	
1507	13899.06	
1508	14483.52	
1509	13842.49	
1510	13130.07	
1511	12417.64	
1512	11705.21	
1513	11375.9	
1514	11971.17	
1515	12566.45	
1516	13161.73	
1517	13757.01	
1518	12805.21	
1519	10998.34	
1520	9191.484	
1521	7384.625	
1522	5577.765	
1523	6799.297	
1524	8023.79	
1525	9248.282	
1526	10472.77	
1527	11461.14	
1528	12022.26	
1529	12583.38	
1530	13144.5	
1531	13705.63	
1532	13447.3	
1533	12865.59	
1534	12283.89	
1535	11702.19	
1536	11142.69	
1537	10838.7	
1538	10534.7	
1539	10230.7	
1540	9926.704	
1541	9973.971	
1542	10455.76	
1543	10937.56	
1544	11419.35	
1545	11901.14	
1546	13221.55	
1547	14729.78	
1548	16238.01	
1549	17746.24	
1550	18559.46	
1551	16408.62	
1552	14257.77	
1553	12106.93	
1554	9956.081	
1555	9722.084	
1556	10957.66	
1557	12193.23	
1558	13428.8	
1559	14664.38	
1560	13921.32	
1561	13062.98	
1562	12204.64	
1563	11346.3	
1564	11068.07	
1565	11978.34	
1566	12888.62	
1567	13798.89	
1568	14709.16	
1569	14026.82	
1570	12703.45	
1571	11380.09	
1572	10056.72	
1573	8920.004	
1574	9425.665	
1575	9931.327	
1576	10436.99	
1577	10942.65	
1578	11202.6	
1579	11209.89	
1580	11217.19	
1581	11224.49	
1582	11231.78	
1583	11116.91	
1584	10986.61	
1585	10856.32	
1586	10726.03	
1587	10626.01	
1588	10601.57	
1589	10577.13	
1590	10552.69	
1591	10528.25	
1592	10511.15	
1593	10497.4	
1594	10483.65	
1595	10469.9	
1596	10588.27	
1597	12027.3	
1598	13466.32	
1599	14905.35	
1600	16344.38	
1601	16336.91	
1602	14871.6	
1603	13406.29	
1604	11940.98	
1605	10475.67	
1606	9856.012	
1607	9322.08	
1608	8788.147	
1609	8254.216	
1610	8663.166	
1611	11066.15	
1612	13469.14	
1613	15872.12	
1614	18275.11	
1615	18417.11	
1616	17756.58	
1617	17096.06	
1618	16435.53	
1619	15628.43	
1620	14034.16	
1621	12439.9	
1622	10845.63	
1623	9251.362	
1624	9539.153	
1625	11190.06	
1626	12840.96	
1627	14491.87	
1628	16126.03	
1629	14976.82	
1630	13827.61	
1631	12678.4	
1632	11529.2	
1633	10725.98	
1634	10374.05	
1635	10022.12	
1636	9670.196	
1637	9318.27	
1638	9278.631	
1639	9287.327	
1640	9296.024	
1641	9304.721	
1642	9257.05	
1643	9078.494	
1644	8899.938	
1645	8721.383	
1646	8542.826	
1647	9460.36	
1648	10763.03	
1649	12065.69	
1650	13368.36	
1651	14195.03	
1652	12868.35	
1653	11541.67	
1654	10214.99	
1655	8888.306	
1656	8783.443	
1657	9411.672	
1658	10039.9	
1659	10668.13	
1660	11227.53	
1661	10912.83	
1662	10598.13	
1663	10283.43	
1664	9968.728	
1665	10268.67	
1666	11129.32	
1667	11989.96	
1668	12850.6	
1669	13711.25	
1670	13534.91	
1671	13334.21	
1672	13133.5	
1673	12932.8	
1674	13107.71	
1675	13772.55	
1676	14437.38	
1677	15102.22	
1678	15767.06	
1679	13821.12	
1680	11565.77	
1681	9310.417	
1682	7055.065	
1683	6301.242	
1684	8251.195	
1685	10201.15	
1686	12151.1	
1687	14101.05	
1688	13180.08	
1689	11641.66	
1690	10103.24	
1691	8564.815	
1692	8113.811	
1693	10299.52	
1694	12485.23	
1695	14670.94	
1696	16856.66	
1697	15928.46	
1698	14038.58	
1699	12148.7	
1700	10258.83	
1701	9009.271	
1702	9787.516	
1703	10565.76	
1704	11344	
1705	12122.25	
1706	12086.5	
1707	11731.09	
1708	11375.67	
1709	11020.25	
1710	11091.15	
1711	12867.82	
1712	14644.5	
1713	16421.18	
1714	18197.85	
1715	17886.6	
1716	16615.47	
1717	15344.33	
1718	14073.2	
1719	12834.56	
1720	11752.36	
1721	10670.15	
1722	9587.948	
1723	8505.742	
1724	8793.608	
1725	9777.989	
1726	10762.37	
1727	11746.75	
1728	12591.63	
1729	12687.39	
1730	12783.15	
1731	12878.91	
1732	12974.67	
1733	12461.48	
1734	11627.59	
1735	10793.7	
1736	9959.812	
1737	9616.405	
1738	11946.32	
1739	14276.24	
1740	16606.16	
1741	18936.07	
1742	18875.92	
1743	17573.3	
1744	16270.67	
1745	14968.04	
1746	13613.58	
1747	11996.89	
1748	10380.2	
1749	8763.512	
1750	7146.822	
1751	8031.846	
1752	10127.17	
1753	12222.5	
1754	14317.82	
1755	15955.32	
1756	15602.48	
1757	15249.65	
1758	14896.82	
1759	14543.99	
1760	14332.13	
1761	14179.81	
1762	14027.5	
1763	13875.19	
1764	13635.39	
1765	13089.05	
1766	12542.72	
1767	11996.39	
1768	11450.05	
1769	12124.1	
1770	13218.03	
1771	14311.96	
1772	15405.89	
1773	16059.21	
1774	15515.45	
1775	14971.7	
1776	14427.94	
1777	13884.18	
1778	13465.42	
1779	13078.49	
1780	12691.56	
1781	12304.64	
1782	12616.77	
1783	14354.79	
1784	16092.81	
1785	17830.84	
1786	19568.86	
1787	19203.46	
1788	18504.25	
1789	17805.04	
1790	17105.83	
1791	16555.5	
1792	16227.56	
1793	15899.62	
1794	15571.68	
1795	15243.74	
1796	13722.22	
1797	12125.92	
1798	10529.62	
1799	8933.318	
1800	8775.988	
1801	10146.73	
1802	11517.46	
1803	12888.2	
1804	14228.28	
1805	14640.4	
1806	15052.51	
1807	15464.63	
1808	15876.75	
1809	16138.37	
1810	16291.91	
1811	16445.45	
1812	16598.99	
1813	16799.33	
1814	17299.51	
1815	17799.7	
1816	18299.88	
1817	18800.06	
1818	17111.29	
1819	14443.85	
1820	11776.41	
1821	9108.975	
1822	8113.936	
1823	12110.07	
1824	16106.21	
1825	20102.34	
1826	24098.48	
1827	22016.21	
1828	18535.73	
1829	15055.26	
1830	11574.78	
1831	9973.122	
1832	11449.59	
1833	12926.05	
1834	14402.51	
1835	15878.98	
1836	14088.79	
1837	12115.86	
1838	10142.93	
1839	8169.996	
1840	7824.345	
1841	8986.569	
1842	10148.79	
1843	11311.02	
1844	12235.38	
1845	10866.97	
1846	9498.56	
1847	8130.151	
1848	6761.742	
1849	7740.276	
1850	9864.357	
1851	11988.44	
1852	14112.52	
1853	15576.63	
1854	15092.67	
1855	14608.7	
1856	14124.73	
1857	13640.77	
1858	12654.57	
1859	11570.59	
1860	10486.61	
1861	9402.635	
1862	9750.557	
1863	12035.37	
1864	14320.18	
1865	16604.99	
1866	18823.39	
1867	16684.67	
1868	14545.95	
1869	12407.24	
1870	10268.52	
1871	11267.74	
1872	14281.55	
1873	17295.37	
1874	20309.19	
1875	21966.26	
1876	18360.41	
1877	14754.55	
1878	11148.7	
1879	7542.848	
1880	9134.373	
1881	11984.46	
1882	14834.55	
1883	17684.63	
1884	18821.13	
1885	17470.84	
1886	16120.54	
1887	14770.24	
1888	13419.62	
1889	12046.33	
1890	10673.04	
1891	9299.755	
1892	7926.465	
1893	9849.027	
1894	13765.63	
1895	17682.24	
1896	21598.84	
1897	23649.4	
1898	19624.92	
1899	15600.44	
1900	11575.95	
1901	7551.471	
1902	8484.356	
1903	10292.24	
1904	12100.12	
1905	13908	
1906	15203.55	
1907	15919.03	
1908	16634.51	
1909	17349.99	
1910	17813.46	
1911	15727.82	
1912	13642.17	
1913	11556.53	
1914	9470.881	
1915	9684.981	
1916	10815.92	
1917	11946.85	
1918	13077.79	
1919	13794.73	
1920	13715.28	
1921	13635.83	
1922	13556.39	
1923	13476.94	
1924	12769.7	
1925	12045.05	
1926	11320.4	
1927	10595.75	
1928	10916.28	
1929	11913.36	
1930	12910.44	
1931	13907.53	
1932	14682.05	
1933	14767.1	
1934	14852.14	
1935	14937.19	
1936	15022.24	
1937	13149.57	
1938	11020.08	
1939	8890.598	
1940	6761.114	
1941	6241.765	
1942	7162.044	
1943	8082.324	
1944	9002.604	
1945	10012.89	
1946	11450.57	
1947	12888.26	
1948	14325.94	
1949	15763.63	
1950	14818.1	
1951	13363.43	
1952	11908.77	
1953	10454.11	
1954	9949.114	
1955	10489.75	
1956	11030.38	
1957	11571.01	
1958	12033.99	
1959	11986.14	
1960	11938.29	
1961	11890.45	
1962	11842.6	
1963	13644.63	
1964	15935.39	
1965	18226.16	
1966	20516.92	
1967	20036.66	
1968	16197.2	
1969	12357.73	
1970	8518.265	
1971	5097.866	
1972	4841.893	
1973	4585.92	
1974	4329.948	
1975	4073.975	
1976	6163.681	
1977	8891.992	
1978	11620.3	
1979	14348.61	
1980	15692.43	
1981	15391.41	
1982	15090.4	
1983	14789.39	
1984	14455.12	
1985	13900.27	
1986	13345.41	
1987	12790.56	
1988	12235.7	
1989	11660.57	
1990	11080.66	
1991	10500.74	
1992	9920.828	
1993	10050.67	
1994	10922.17	
1995	11793.66	
1996	12665.15	
1997	13229.38	
1998	12324.51	
1999	11419.63	
2000	10514.75	
2001	9609.879	
2002	10121.74	
2003	10866.14	
2004	11610.54	
2005	12354.94	
2006	13646.79	
2007	15388.47	
2008	17130.14	
2009	18871.81	
2010	20134.21	
2011	19894.94	
2012	19655.67	
2013	19416.41	
2014	19177.14	
2015	18392.35	
2016	17571.5	
2017	16750.65	
2018	15929.8	
2019	14623.55	
2020	13040.66	
2021	11457.76	
2022	9874.865	
2023	8780.96	
2024	8636.417	
2025	8491.875	
2026	8347.332	
2027	8358.277	
2028	11665.65	
2029	14973.03	
2030	18280.4	
2031	21587.78	
2032	20195.8	
2033	17270.85	
2034	14345.9	
2035	11420.95	
2036	10751.43	
2037	12677.24	
2038	14603.04	
2039	16528.84	
2040	17513.82	
2041	14214.37	
2042	10914.92	
2043	7615.464	
2044	4316.012	
2045	7598.438	
2046	11628.89	
2047	15659.33	
2048	19689.78	
2049	19089.78	
2050	15638.44	
2051	12187.11	
2052	8735.768	
2053	7179.703	
2054	9253.656	
2055	11327.61	
2056	13401.56	
2057	15304.17	
2058	14932.6	
2059	14561.03	
2060	14189.46	
2061	13817.89	
2062	12675.25	
2063	11339.89	
2064	10004.53	
2065	8669.168	
2066	8857.978	
2067	10382.44	
2068	11906.91	
2069	13431.37	
2070	14725.57	
2071	15397.24	
2072	16068.92	
2073	16740.59	
2074	17408.98	
2075	17716.65	
2076	18024.33	
2077	18332.01	
2078	18639.68	
2079	17151.58	
2080	15071.1	
2081	12990.62	
2082	10910.13	
2083	10843.46	
2084	12814.32	
2085	14785.19	
2086	16756.05	
2087	17685.95	
2088	15426.87	
2089	13167.78	
2090	10908.7	
2091	8649.612	
2092	11210.29	
2093	13780.39	
2094	16350.5	
2095	18920.6	
2096	18199.22	
2097	16397.76	
2098	14596.3	
2099	12794.84	
2100	11840.1	
2101	11695.67	
2102	11551.24	
2103	11406.81	
2104	11671.48	
2105	13025.88	
2106	14380.27	
2107	15734.67	
2108	17053.08	
2109	17437.88	
2110	17822.67	
2111	18207.47	
2112	18592.26	
2113	17403.94	
2114	15832.01	
2115	14260.08	
2116	12688.15	
2117	12008.78	
2118	11989.26	
2119	11969.74	
2120	11950.23	
2121	12523.96	
2122	14209.67	
2123	15895.39	
2124	17581.1	
2125	18842.03	
2126	17129.43	
2127	15416.84	
2128	13704.24	
2129	11991.65	
2130	12330.03	
2131	12883.64	
2132	13437.26	
2133	13990.87	
2134	15340.5	
2135	17051.14	
2136	18761.77	
2137	20472.41	
2138	20748.18	
2139	19432.45	
2140	18116.71	
2141	16800.98	
2142	15630.87	
2143	14868.99	
2144	14107.11	
2145	13345.23	
2146	12632.37	
2147	12762.87	
2148	12893.37	
2149	13023.87	
2150	13154.37	
2151	12650.86	
2152	12036.41	
2153	11421.96	
2154	10807.52	
2155	11479.85	
2156	12848.33	
2157	14216.82	
2158	15585.3	
2159	16663.4	
2160	17387.92	
2161	18112.44	
2162	18836.95	
2163	19063.61	
2164	17834.86	
2165	16606.11	
2166	15377.36	
2167	14158.36	
2168	13084.54	
2169	12010.72	
2170	10936.9	
2171	9863.076	
2172	12001.77	
2173	14603.49	
2174	17205.21	
2175	19806.93	
2176	18690.69	
2177	15888.29	
2178	13085.9	
2179	10283.51	
2180	9760.318	
2181	11472.24	
2182	13184.15	
2183	14896.07	
2184	15188.56	
2185	12532.35	
2186	9876.139	
2187	7219.927	
2188	5677.924	
2189	10552.73	
2190	15427.54	
2191	20302.34	
2192	25177.15	
2193	23656.56	
2194	21966.08	
2195	20275.6	
2196	18585.11	
2197	16143.76	
2198	13519.32	
2199	10894.88	
2200	8270.434	
2201	8658.563	
2202	10770.97	
2203	12883.38	
2204	14995.79	
2205	15913.68	
2206	15494.92	
2207	15076.17	
2208	14657.42	
2209	14005.78	
2210	12835.92	
2211	11666.07	
2212	10496.22	
2213	9759.796	
2214	11439.59	
2215	13119.39	
2216	14799.18	
2217	16478.98	
2218	16310.38	
2219	16136.34	
2220	15962.31	
2221	15788.28	
2222	17010.21	
2223	18488.25	
2224	19966.29	
2225	21444.34	
2226	19303.86	
2227	15583.21	
2228	11862.56	
2229	8141.911	
2230	7212.524	
2231	8566.449	
2232	9920.374	
2233	11274.3	
2234	12028.64	
2235	11909.34	
2236	11790.03	
2237	11670.72	
