# Time: 2021-09-23 19:19:12.057000
# Computer: 686DR2
# Program commandline: ['console_DE_v4.py', '-wl', '1550', '--no-pol', '-daqloop', '10', '-att', '32']
# cwd: C:\Python\de_v3
#
#  NIST Detector:  SMA0
#
# Config
# {'ch': 0, 'sw_pm': 1, 'skip_zero': False, 'measure_cmax': False, 'target_att': 32.0, 'both_pol': False, 'daqloop': 10, 'basefilename': 'C:\\Users\\qittlab/Documents/686DR2/2021_09_23/19_19.dat', 'bias_dict': [0.3, 0.7, 0.01, 0.5], 'take_darks': True, 'use_att': -1, 'cmax_stop': 12.0, 'thresh': 0.5, 'wavelength': 1550, 'readings': 5, 'hysteresis_ch': 4, 'wait_for_att': 3, 'cmax_num': 5, 'use_comparator': True, 'd': 0, 'nocal': False, 'initial_range': 0, 'use_config_att': False, 'thresh_ch': 3, 'sw_det': 2, 'cmax_vstart': 0.4, 'cmax_start': 34.0, 'hysteresis': 4.0, 'max_pol': True, 'counter_time': 1, 'target_rate': 400000, 'nopol': True}
#
#  Dark counts
##########
# scan bias
# case: 10
##########
# Voltage source
##########
# Voltage meter
# Keithley199 dmm; addr: 8
##########
# Counter
# Counter is SR400, gpib: 23
# Counter threshold is -0.3
# Counter slope (0:+, 1:-) is 1.0
# channel: 0
#  time: 1.000000e+00
#####
#  time, vbias, vdmm, thresh, counts
1632446369.61 0.300 2.608e-03 -0.300          0
1632446371.02 0.300 3.019e-03 -0.300          0
1632446372.44 0.300 3.021e-03 -0.300          0
1632446373.84 0.300 3.022e-03 -0.300          0
1632446375.25 0.300 3.016e-03 -0.300          0
1632446376.67 0.300 3.010e-03 -0.300          0
1632446378.08 0.300 3.007e-03 -0.300          0
1632446379.48 0.300 3.036e-03 -0.300          0
1632446380.89 0.300 3.019e-03 -0.300          0
1632446382.31 0.300 3.012e-03 -0.300          0
1632446383.72 0.310 3.024e-03 -0.300          0
1632446385.13 0.310 3.052e-03 -0.300          0
1632446386.56 0.310 3.038e-03 -0.300          0
1632446387.98 0.310 3.031e-03 -0.300          0
1632446389.39 0.310 3.037e-03 -0.300          0
1632446390.82 0.310 3.037e-03 -0.300          0
1632446392.23 0.310 3.034e-03 -0.300          0
1632446393.65 0.310 3.034e-03 -0.300          0
1632446395.06 0.310 3.038e-03 -0.300          0
1632446396.47 0.310 3.044e-03 -0.300          0
1632446397.88 0.320 3.044e-03 -0.300          0
1632446399.29 0.320 3.051e-03 -0.300          0
1632446400.70 0.320 3.069e-03 -0.300          0
1632446402.12 0.320 3.047e-03 -0.300          0
1632446403.55 0.320 3.038e-03 -0.300          0
1632446404.96 0.320 3.045e-03 -0.300          0
1632446406.37 0.320 3.057e-03 -0.300          0
1632446407.80 0.320 3.046e-03 -0.300          0
1632446409.22 0.320 3.047e-03 -0.300          0
1632446410.63 0.320 3.047e-03 -0.300          0
1632446412.04 0.330 3.071e-03 -0.300          0
1632446413.45 0.330 3.060e-03 -0.300          0
1632446414.87 0.330 3.046e-03 -0.300          0
1632446416.29 0.330 3.064e-03 -0.300          0
1632446417.70 0.330 3.073e-03 -0.300          0
1632446419.12 0.330 3.063e-03 -0.300          0
1632446420.53 0.330 3.061e-03 -0.300          0
1632446421.95 0.330 3.065e-03 -0.300          0
1632446423.36 0.330 3.062e-03 -0.300          0
1632446424.77 0.330 3.049e-03 -0.300          0
1632446426.19 0.340 3.059e-03 -0.300          0
1632446427.61 0.340 3.082e-03 -0.300          0
1632446429.03 0.340 3.078e-03 -0.300          0
1632446430.45 0.340 3.056e-03 -0.300          0
1632446431.86 0.340 3.071e-03 -0.300          0
1632446433.27 0.340 3.090e-03 -0.300          0
1632446434.69 0.340 3.076e-03 -0.300          0
1632446436.10 0.340 3.071e-03 -0.300          0
1632446437.51 0.340 3.077e-03 -0.300          0
1632446438.93 0.340 3.079e-03 -0.300          0
1632446440.36 0.350 3.076e-03 -0.300          0
1632446441.78 0.350 3.093e-03 -0.300          0
1632446443.20 0.350 3.094e-03 -0.300          0
1632446444.61 0.350 3.088e-03 -0.300          0
1632446446.03 0.350 3.082e-03 -0.300          0
1632446447.45 0.350 3.091e-03 -0.300          0
1632446448.86 0.350 3.107e-03 -0.300          0
1632446450.26 0.350 3.092e-03 -0.300          0
1632446451.67 0.350 3.078e-03 -0.300          0
1632446453.09 0.350 3.091e-03 -0.300          0
1632446454.50 0.360 3.097e-03 -0.300          0
1632446455.91 0.360 3.100e-03 -0.300          0
1632446457.33 0.360 3.101e-03 -0.300          0
1632446458.74 0.360 3.103e-03 -0.300          2
1632446460.16 0.360 3.098e-03 -0.300          0
1632446461.57 0.360 3.103e-03 -0.300          0
1632446462.97 0.360 3.091e-03 -0.300          0
1632446464.40 0.360 3.112e-03 -0.300          0
1632446465.81 0.360 3.109e-03 -0.300          0
1632446467.22 0.360 3.102e-03 -0.300          0
1632446468.63 0.370 3.122e-03 -0.300          1
1632446470.04 0.370 3.129e-03 -0.300          1
1632446471.46 0.370 3.115e-03 -0.300          0
1632446472.88 0.370 3.102e-03 -0.300          0
1632446474.30 0.370 3.121e-03 -0.300          1
1632446475.72 0.370 3.124e-03 -0.300          1
1632446477.14 0.370 3.111e-03 -0.300          1
1632446478.56 0.370 3.104e-03 -0.300          0
1632446479.97 0.370 3.121e-03 -0.300          1
1632446481.38 0.370 3.126e-03 -0.300          2
1632446482.79 0.380 3.129e-03 -0.300          5
1632446484.20 0.380 3.120e-03 -0.300          6
1632446485.62 0.380 3.134e-03 -0.300         11
1632446487.04 0.380 3.139e-03 -0.300          5
1632446488.45 0.380 3.132e-03 -0.300         12
1632446489.86 0.380 3.133e-03 -0.300          1
1632446491.27 0.380 3.136e-03 -0.300          5
1632446492.70 0.380 3.131e-03 -0.300          3
1632446494.11 0.380 3.121e-03 -0.300          5
1632446495.52 0.380 3.139e-03 -0.300          9
1632446496.94 0.390 3.138e-03 -0.300         13
1632446498.34 0.390 3.139e-03 -0.300         17
1632446499.76 0.390 3.140e-03 -0.300         20
1632446501.17 0.390 3.146e-03 -0.300         20
1632446502.59 0.390 3.156e-03 -0.300         21
1632446504.00 0.390 3.150e-03 -0.300         23
1632446505.40 0.390 3.131e-03 -0.300         26
1632446506.81 0.390 3.151e-03 -0.300         19
1632446508.21 0.390 3.136e-03 -0.300         26
1632446509.64 0.390 3.145e-03 -0.300         16
1632446511.05 0.400 3.147e-03 -0.300         56
1632446512.45 0.400 3.174e-03 -0.300         56
1632446513.86 0.400 3.155e-03 -0.300         53
1632446515.28 0.400 3.148e-03 -0.300         47
1632446516.70 0.400 3.163e-03 -0.300         64
1632446518.11 0.400 3.174e-03 -0.300         56
1632446519.53 0.400 3.160e-03 -0.300         64
1632446520.94 0.400 3.140e-03 -0.300         80
1632446522.36 0.400 3.158e-03 -0.300         57
1632446523.77 0.400 3.174e-03 -0.300         44
1632446525.20 0.410 3.175e-03 -0.300        107
1632446526.61 0.410 3.158e-03 -0.300        136
1632446528.02 0.410 3.170e-03 -0.300        124
1632446529.43 0.410 3.176e-03 -0.300        150
1632446530.85 0.410 3.175e-03 -0.300        148
1632446532.26 0.410 3.171e-03 -0.300        143
1632446533.68 0.410 3.180e-03 -0.300        137
1632446535.10 0.410 3.172e-03 -0.300        149
1632446536.52 0.410 3.167e-03 -0.300        165
1632446537.93 0.410 3.169e-03 -0.300        138
1632446539.35 0.420 3.197e-03 -0.300        245
1632446540.77 0.420 3.186e-03 -0.300        294
1632446542.20 0.420 3.174e-03 -0.300        256
1632446543.60 0.420 3.182e-03 -0.300        244
1632446545.01 0.420 3.190e-03 -0.300        240
1632446546.44 0.420 3.186e-03 -0.300        264
1632446547.85 0.420 3.180e-03 -0.300        247
1632446549.26 0.420 3.188e-03 -0.300        254
1632446550.67 0.420 3.183e-03 -0.300        275
1632446552.08 0.420 3.188e-03 -0.300        267
1632446553.50 0.430 3.197e-03 -0.300        462
1632446554.93 0.430 3.203e-03 -0.300        418
1632446556.34 0.430 3.206e-03 -0.300        422
1632446557.74 0.430 3.201e-03 -0.300        429
1632446559.16 0.430 3.199e-03 -0.300        439
1632446560.59 0.430 3.202e-03 -0.300        417
1632446562.01 0.430 3.194e-03 -0.300        424
1632446563.42 0.430 3.195e-03 -0.300        458
1632446564.83 0.430 3.201e-03 -0.300        438
1632446566.23 0.430 3.207e-03 -0.300        412
1632446567.64 0.440 3.195e-03 -0.300        595
1632446569.07 0.440 3.210e-03 -0.300        636
1632446570.48 0.440 3.215e-03 -0.300        692
1632446571.89 0.440 3.224e-03 -0.300        696
1632446573.32 0.440 3.211e-03 -0.300        622
1632446574.74 0.440 3.210e-03 -0.300        659
1632446576.16 0.440 3.217e-03 -0.300        726
1632446577.58 0.440 3.210e-03 -0.300        661
1632446578.99 0.440 3.211e-03 -0.300        626
1632446580.40 0.440 3.215e-03 -0.300        658
1632446581.81 0.450 3.221e-03 -0.300       1043
1632446583.22 0.450 3.225e-03 -0.300       1065
1632446584.64 0.450 3.220e-03 -0.300       1142
1632446586.05 0.450 3.221e-03 -0.300       1094
1632446587.47 0.450 3.234e-03 -0.300       1065
1632446588.88 0.450 3.228e-03 -0.300       1072
1632446590.29 0.450 3.224e-03 -0.300       1071
1632446591.70 0.450 3.226e-03 -0.300       1021
1632446593.11 0.450 3.247e-03 -0.300       1066
1632446594.52 0.450 3.230e-03 -0.300       1054
1632446595.94 0.460 3.223e-03 -0.300       1758
1632446597.37 0.460 3.237e-03 -0.300       1773
1632446598.78 0.460 3.241e-03 -0.300       1717
1632446600.19 0.460 3.238e-03 -0.300       1756
1632446601.59 0.460 3.242e-03 -0.300       1782
1632446603.00 0.460 3.244e-03 -0.300       1730
1632446604.41 0.460 3.237e-03 -0.300       1800
1632446605.83 0.460 3.230e-03 -0.300       1775
1632446607.24 0.460 3.237e-03 -0.300       1748
1632446608.66 0.460 3.242e-03 -0.300       1792
1632446610.08 0.470 3.257e-03 -0.300       2910
1632446611.48 0.470 3.253e-03 -0.300       2839
1632446612.89 0.470 3.264e-03 -0.300       2983
1632446614.31 0.470 3.265e-03 -0.300       2916
1632446615.72 0.470 3.256e-03 -0.300       2900
1632446617.14 0.470 3.258e-03 -0.300       2893
1632446618.56 0.470 3.256e-03 -0.300       2885
1632446619.97 0.470 3.256e-03 -0.300       2830
1632446621.39 0.470 3.255e-03 -0.300       2800
1632446622.81 0.470 3.254e-03 -0.300       2910
1632446624.23 0.480 3.274e-03 -0.300       4724
1632446625.64 0.480 3.276e-03 -0.300       4807
1632446627.05 0.480 3.264e-03 -0.300       4787
1632446628.47 0.480 3.275e-03 -0.300       4765
1632446629.89 0.480 3.272e-03 -0.300       4718
1632446631.30 0.480 3.266e-03 -0.300       4672
1632446632.71 0.480 3.260e-03 -0.300       4595
1632446634.14 0.480 3.271e-03 -0.300       4587
1632446635.56 0.480 3.275e-03 -0.300       4696
1632446636.96 0.480 3.269e-03 -0.300       4684
1632446638.37 0.490 3.268e-03 -0.300       7284
1632446639.79 0.490 3.284e-03 -0.300       7215
1632446641.19 0.490 3.286e-03 -0.300       7442
1632446642.61 0.490 3.286e-03 -0.300       7345
1632446644.03 0.490 3.275e-03 -0.300       7379
1632446645.44 0.490 3.289e-03 -0.300       7405
1632446646.85 0.490 3.292e-03 -0.300       7375
1632446648.25 0.490 3.286e-03 -0.300       7394
1632446649.65 0.490 3.288e-03 -0.300       7299
1632446651.08 0.490 3.278e-03 -0.300       7283
1632446652.50 0.500 3.277e-03 -0.300      10983
1632446653.92 0.500 3.282e-03 -0.300      10908
1632446655.34 0.500 3.298e-03 -0.300      10935
1632446656.75 0.500 3.308e-03 -0.300      10851
1632446658.17 0.500 3.297e-03 -0.300      10823
1632446659.59 0.500 3.277e-03 -0.300      10668
1632446661.00 0.500 3.298e-03 -0.300      10925
1632446662.42 0.500 3.315e-03 -0.300      10758
1632446663.84 0.500 3.300e-03 -0.300      10892
1632446665.25 0.500 3.294e-03 -0.300      10817
1632446666.66 0.510 3.302e-03 -0.300      15366
1632446668.08 0.510 3.316e-03 -0.300      15089
1632446669.48 0.510 3.318e-03 -0.300      15495
1632446670.89 0.510 3.319e-03 -0.300      15373
1632446672.30 0.510 3.314e-03 -0.300      15304
1632446673.71 0.510 3.308e-03 -0.300      15210
1632446675.12 0.510 3.301e-03 -0.300      15326
1632446676.54 0.510 3.319e-03 -0.300      15462
1632446677.96 0.510 3.320e-03 -0.300      15278
1632446679.37 0.510 3.319e-03 -0.300      15444
1632446680.79 0.520 3.320e-03 -0.300      20558
1632446682.20 0.520 3.328e-03 -0.300      21069
1632446683.63 0.520 3.337e-03 -0.300      20663
1632446685.04 0.520 3.327e-03 -0.300      21021
1632446686.45 0.520 3.324e-03 -0.300      20825
1632446687.86 0.520 3.335e-03 -0.300      20672
1632446689.28 0.520 3.338e-03 -0.300      20520
1632446690.70 0.520 3.325e-03 -0.300      20532
1632446692.12 0.520 3.331e-03 -0.300      20871
1632446693.54 0.520 3.330e-03 -0.300      20891
1632446694.95 0.530 3.357e-03 -0.300      27195
1632446696.36 0.530 3.340e-03 -0.300      27022
1632446697.76 0.530 3.334e-03 -0.300      27237
1632446699.17 0.530 3.353e-03 -0.300      27124
1632446700.59 0.530 3.344e-03 -0.300      27179
1632446702.00 0.530 3.326e-03 -0.300      27072
1632446703.42 0.530 3.341e-03 -0.300      27252
1632446704.83 0.530 3.347e-03 -0.300      27044
1632446706.24 0.530 3.337e-03 -0.300      27306
1632446707.65 0.530 3.331e-03 -0.300      26969
1632446709.08 0.540 3.336e-03 -0.300      33786
1632446710.49 0.540 3.357e-03 -0.300      33694
1632446711.91 0.540 3.355e-03 -0.300      33824
1632446713.33 0.540 3.341e-03 -0.300      34110
1632446714.73 0.540 3.350e-03 -0.300      34126
1632446716.15 0.540 3.361e-03 -0.300      34274
1632446717.55 0.540 3.347e-03 -0.300      34096
1632446718.97 0.540 3.344e-03 -0.300      33894
1632446720.40 0.540 3.363e-03 -0.300      34047
1632446721.81 0.540 3.350e-03 -0.300      34149
1632446723.22 0.550 3.354e-03 -0.300      41644
1632446724.63 0.550 3.372e-03 -0.300      41921
1632446726.04 0.550 3.381e-03 -0.300      41718
1632446727.45 0.550 3.361e-03 -0.300      41635
1632446728.87 0.550 3.364e-03 -0.300      42007
1632446730.28 0.550 3.370e-03 -0.300      41439
1632446731.70 0.550 3.381e-03 -0.300      41290
1632446733.12 0.550 3.367e-03 -0.300      41481
1632446734.54 0.550 3.362e-03 -0.300      41767
1632446735.95 0.550 3.373e-03 -0.300      41878
1632446737.37 0.560 3.385e-03 -0.300      23280
1632446738.78 0.560 1.000e+10 -0.300          0
1632446740.19 0.560 1.000e+10 -0.300          0
1632446741.61 0.560 1.000e+10 -0.300          0
1632446743.03 0.560 1.000e+10 -0.300          0
1632446744.46 0.560 1.000e+10 -0.300          0
1632446745.87 0.560 1.000e+10 -0.300          0
1632446747.28 0.560 1.000e+10 -0.300          0
1632446748.69 0.560 1.000e+10 -0.300          0
1632446750.11 0.560 1.000e+10 -0.300          0
#  Light counts
##########
# scan bias
# case: 10
##########
# Voltage source
##########
# Voltage meter
# Keithley199 dmm; addr: 8
##########
# Counter
# Counter is SR400, gpib: 23
# Counter threshold is -0.3
# Counter slope (0:+, 1:-) is 1.0
# channel: 0
#  time: 1.000000e+00
#####
#  time, vbias, vdmm, thresh, counts
1632447081.39 0.300 2.610e-03 -0.300          0
1632447082.79 0.300 3.030e-03 -0.300          0
1632447084.21 0.300 3.033e-03 -0.300          0
1632447085.63 0.300 3.022e-03 -0.300          0
1632447087.05 0.300 3.013e-03 -0.300          0
1632447088.46 0.300 3.021e-03 -0.300          0
1632447089.89 0.300 3.031e-03 -0.300          0
1632447091.31 0.300 3.021e-03 -0.300          0
1632447092.72 0.300 3.011e-03 -0.300          0
1632447094.14 0.300 3.028e-03 -0.300          0
1632447095.55 0.310 3.028e-03 -0.300          0
1632447096.96 0.310 3.040e-03 -0.300          0
1632447098.37 0.310 3.033e-03 -0.300          0
1632447099.79 0.310 3.042e-03 -0.300          0
1632447101.20 0.310 3.038e-03 -0.300          0
1632447102.61 0.310 3.033e-03 -0.300          0
1632447104.02 0.310 3.038e-03 -0.300          0
1632447105.43 0.310 3.045e-03 -0.300          0
1632447106.84 0.310 3.038e-03 -0.300          0
1632447108.26 0.310 3.014e-03 -0.300          0
1632447109.69 0.320 3.049e-03 -0.300          1
1632447111.10 0.320 3.070e-03 -0.300          0
1632447112.52 0.320 3.050e-03 -0.300          0
1632447113.94 0.320 3.045e-03 -0.300          0
1632447115.36 0.320 3.056e-03 -0.300          0
1632447116.78 0.320 3.051e-03 -0.300          0
1632447118.20 0.320 3.055e-03 -0.300          0
1632447119.61 0.320 3.049e-03 -0.300          0
1632447121.02 0.320 3.055e-03 -0.300          1
1632447122.43 0.320 3.051e-03 -0.300          0
1632447123.85 0.330 3.064e-03 -0.300          1
1632447125.25 0.330 3.062e-03 -0.300          2
1632447126.66 0.330 3.077e-03 -0.300          1
1632447128.08 0.330 3.064e-03 -0.300          2
1632447129.50 0.330 3.058e-03 -0.300          2
1632447130.92 0.330 3.063e-03 -0.300          1
1632447132.34 0.330 3.073e-03 -0.300          1
1632447133.75 0.330 3.060e-03 -0.300          1
1632447135.16 0.330 3.062e-03 -0.300          0
1632447136.58 0.330 3.072e-03 -0.300          1
1632447137.99 0.340 3.072e-03 -0.300          7
1632447139.41 0.340 3.080e-03 -0.300         11
1632447140.82 0.340 3.071e-03 -0.300         13
1632447142.24 0.340 3.082e-03 -0.300         10
1632447143.65 0.340 3.088e-03 -0.300         10
1632447145.07 0.340 3.086e-03 -0.300          9
1632447146.47 0.340 3.081e-03 -0.300         14
1632447147.89 0.340 3.083e-03 -0.300         11
1632447149.30 0.340 3.076e-03 -0.300          6
1632447150.70 0.340 3.067e-03 -0.300          5
1632447152.11 0.350 3.078e-03 -0.300         88
1632447153.53 0.350 3.097e-03 -0.300         84
1632447154.96 0.350 3.088e-03 -0.300         85
1632447156.37 0.350 3.091e-03 -0.300         99
1632447157.79 0.350 3.089e-03 -0.300         86
1632447159.19 0.350 3.114e-03 -0.300         76
1632447160.61 0.350 3.093e-03 -0.300         98
1632447162.02 0.350 3.086e-03 -0.300         83
1632447163.44 0.350 3.097e-03 -0.300         91
1632447164.86 0.350 3.102e-03 -0.300         84
1632447166.28 0.360 3.092e-03 -0.300        518
1632447167.70 0.360 3.104e-03 -0.300        533
1632447169.12 0.360 3.117e-03 -0.300        578
1632447170.53 0.360 3.108e-03 -0.300        568
1632447171.96 0.360 3.090e-03 -0.300        520
1632447173.38 0.360 3.106e-03 -0.300        555
1632447174.80 0.360 3.114e-03 -0.300        549
1632447176.22 0.360 3.115e-03 -0.300        500
1632447177.62 0.360 3.102e-03 -0.300        532
1632447179.03 0.360 3.115e-03 -0.300        539
1632447180.44 0.370 3.122e-03 -0.300       2446
1632447181.85 0.370 3.117e-03 -0.300       2569
1632447183.26 0.370 3.121e-03 -0.300       2490
1632447184.68 0.370 3.129e-03 -0.300       2525
1632447186.10 0.370 3.120e-03 -0.300       2438
1632447187.51 0.370 3.123e-03 -0.300       2505
1632447188.93 0.370 3.125e-03 -0.300       2456
1632447190.35 0.370 3.131e-03 -0.300       2549
1632447191.76 0.370 3.142e-03 -0.300       2566
1632447193.18 0.370 3.115e-03 -0.300       2526
1632447194.60 0.380 3.137e-03 -0.300       8335
1632447196.01 0.380 3.143e-03 -0.300       8468
1632447197.43 0.380 3.136e-03 -0.300       8475
1632447198.85 0.380 3.129e-03 -0.300       8409
1632447200.26 0.380 3.138e-03 -0.300       8543
1632447201.68 0.380 3.144e-03 -0.300       8472
1632447203.09 0.380 3.132e-03 -0.300       8512
1632447204.51 0.380 3.137e-03 -0.300       8383
1632447205.92 0.380 3.145e-03 -0.300       8449
1632447207.35 0.380 3.147e-03 -0.300       8356
1632447208.77 0.390 3.151e-03 -0.300      21045
1632447210.19 0.390 3.143e-03 -0.300      21400
1632447211.60 0.390 3.151e-03 -0.300      21563
1632447213.02 0.390 3.150e-03 -0.300      21155
1632447214.45 0.390 3.146e-03 -0.300      21287
1632447215.87 0.390 3.151e-03 -0.300      21537
1632447217.29 0.390 3.164e-03 -0.300      21388
1632447218.70 0.390 3.157e-03 -0.300      21381
1632447220.12 0.390 3.139e-03 -0.300      21394
1632447221.54 0.390 3.145e-03 -0.300      21364
1632447222.94 0.400 3.179e-03 -0.300      41404
1632447224.36 0.400 3.168e-03 -0.300      41658
1632447225.77 0.400 3.161e-03 -0.300      41159
1632447227.19 0.400 3.173e-03 -0.300      41705
1632447228.61 0.400 3.181e-03 -0.300      41229
1632447230.03 0.400 3.165e-03 -0.300      41526
1632447231.46 0.400 3.161e-03 -0.300      41345
1632447232.88 0.400 3.168e-03 -0.300      41727
1632447234.29 0.400 3.187e-03 -0.300      41571
1632447235.71 0.400 3.171e-03 -0.300      41267
1632447237.13 0.410 3.170e-03 -0.300      64761
1632447238.54 0.410 3.191e-03 -0.300      64841
1632447239.95 0.410 3.203e-03 -0.300      64896
1632447241.37 0.410 3.182e-03 -0.300      64250
1632447242.78 0.410 3.182e-03 -0.300      64520
1632447244.20 0.410 3.185e-03 -0.300      64583
1632447245.61 0.410 3.183e-03 -0.300      64528
1632447247.04 0.410 3.171e-03 -0.300      64381
1632447248.45 0.410 3.182e-03 -0.300      64374
1632447249.87 0.410 3.188e-03 -0.300      64970
1632447251.29 0.420 3.198e-03 -0.300      84009
1632447252.70 0.420 3.190e-03 -0.300      84591
1632447254.13 0.420 3.203e-03 -0.300      84302
1632447255.54 0.420 3.213e-03 -0.300      84357
1632447256.94 0.420 3.195e-03 -0.300      84188
1632447258.36 0.420 3.189e-03 -0.300      84413
1632447259.78 0.420 3.203e-03 -0.300      84452
1632447261.20 0.420 3.197e-03 -0.300      84509
1632447262.62 0.420 3.201e-03 -0.300      84424
1632447264.04 0.420 3.201e-03 -0.300      84507
1632447265.45 0.430 3.206e-03 -0.300      97173
1632447266.86 0.430 3.221e-03 -0.300      96975
1632447268.29 0.430 3.211e-03 -0.300      96956
1632447269.69 0.430 3.212e-03 -0.300      97423
1632447271.11 0.430 3.219e-03 -0.300      97555
1632447272.53 0.430 3.216e-03 -0.300      96997
1632447273.96 0.430 3.204e-03 -0.300      97153
1632447275.37 0.430 3.216e-03 -0.300      97303
1632447276.78 0.430 3.214e-03 -0.300      96761
1632447278.19 0.430 3.212e-03 -0.300      96831
1632447279.60 0.440 3.205e-03 -0.300     104540
1632447281.01 0.440 3.224e-03 -0.300     104329
1632447282.43 0.440 3.226e-03 -0.300     103981
1632447283.84 0.440 3.224e-03 -0.300     104887
1632447285.25 0.440 3.213e-03 -0.300     104309
1632447286.68 0.440 3.232e-03 -0.300     104148
1632447288.09 0.440 3.232e-03 -0.300     104517
1632447289.50 0.440 3.224e-03 -0.300     104333
1632447290.91 0.440 3.224e-03 -0.300     104533
1632447292.33 0.440 3.227e-03 -0.300     104116
1632447293.74 0.450 3.226e-03 -0.300     108525
1632447295.17 0.450 3.225e-03 -0.300     109009
1632447296.59 0.450 3.241e-03 -0.300     108831
1632447298.01 0.450 3.244e-03 -0.300     109055
1632447299.42 0.450 3.244e-03 -0.300     108664
1632447300.84 0.450 3.225e-03 -0.300     109102
1632447302.25 0.450 3.241e-03 -0.300     108826
1632447303.66 0.450 3.258e-03 -0.300     109221
1632447305.07 0.450 3.245e-03 -0.300     109199
1632447306.48 0.450 3.238e-03 -0.300     108795
1632447307.90 0.460 3.244e-03 -0.300     113326
1632447309.32 0.460 3.251e-03 -0.300     112288
1632447310.72 0.460 3.264e-03 -0.300     112840
1632447312.13 0.460 3.262e-03 -0.300     112152
1632447313.55 0.460 3.269e-03 -0.300     112263
1632447314.96 0.460 3.253e-03 -0.300     111815
1632447316.38 0.460 3.243e-03 -0.300     112704
1632447317.81 0.460 3.257e-03 -0.300     111862
1632447319.22 0.460 3.265e-03 -0.300     112704
1632447320.64 0.460 3.263e-03 -0.300     112794
1632447322.05 0.470 3.261e-03 -0.300     114807
1632447323.47 0.470 3.269e-03 -0.300     115487
1632447324.89 0.470 3.280e-03 -0.300     115355
1632447326.30 0.470 3.263e-03 -0.300     115172
1632447327.71 0.470 3.266e-03 -0.300     115075
1632447329.12 0.470 3.269e-03 -0.300     115016
1632447330.53 0.470 3.265e-03 -0.300     115432
1632447331.96 0.470 3.274e-03 -0.300     115483
1632447333.38 0.470 3.263e-03 -0.300     115378
1632447334.79 0.470 3.275e-03 -0.300     115253
1632447336.21 0.480 3.290e-03 -0.300     118568
1632447337.62 0.480 3.280e-03 -0.300     118163
1632447339.04 0.480 3.290e-03 -0.300     117906
1632447340.45 0.480 3.286e-03 -0.300     117684
1632447341.86 0.480 3.279e-03 -0.300     118260
1632447343.28 0.480 3.278e-03 -0.300     118261
1632447344.71 0.480 3.291e-03 -0.300     117865
1632447346.13 0.480 3.292e-03 -0.300     118360
1632447347.55 0.480 3.280e-03 -0.300     118146
1632447348.97 0.480 3.271e-03 -0.300     118279
1632447350.38 0.490 3.301e-03 -0.300     121991
1632447351.79 0.490 3.313e-03 -0.300     121601
1632447353.20 0.490 3.301e-03 -0.300     121715
1632447354.62 0.490 3.298e-03 -0.300     121641
1632447356.03 0.490 3.301e-03 -0.300     121665
1632447357.45 0.490 3.306e-03 -0.300     122087
1632447358.87 0.490 3.297e-03 -0.300     121601
1632447360.28 0.490 3.297e-03 -0.300     121242
1632447361.71 0.490 3.307e-03 -0.300     121796
1632447363.14 0.490 3.293e-03 -0.300     121695
1632447364.55 0.500 3.312e-03 -0.300     125939
1632447365.96 0.500 3.312e-03 -0.300     125815
1632447367.38 0.500 3.323e-03 -0.300     125969
1632447368.78 0.500 3.315e-03 -0.300     125702
1632447370.20 0.500 3.316e-03 -0.300     125664
1632447371.61 0.500 3.311e-03 -0.300     126132
1632447373.04 0.500 3.319e-03 -0.300     125762
1632447374.45 0.500 3.317e-03 -0.300     125907
1632447375.87 0.500 3.310e-03 -0.300     125960
1632447377.29 0.500 3.314e-03 -0.300     125613
1632447378.71 0.510 3.313e-03 -0.300     130756
1632447380.13 0.510 3.330e-03 -0.300     130833
1632447381.55 0.510 3.315e-03 -0.300     130727
1632447382.95 0.510 3.340e-03 -0.300     131146
1632447384.37 0.510 3.351e-03 -0.300     131104
1632447385.79 0.510 3.325e-03 -0.300     131454
1632447387.20 0.510 3.327e-03 -0.300     131127
1632447388.63 0.510 3.334e-03 -0.300     131111
1632447390.05 0.510 3.327e-03 -0.300     130368
1632447391.46 0.510 3.314e-03 -0.300     131635
1632447392.87 0.520 3.327e-03 -0.300     136561
1632447394.29 0.520 3.350e-03 -0.300     137039
1632447395.71 0.520 3.342e-03 -0.300     137099
1632447397.12 0.520 3.323e-03 -0.300     136882
1632447398.54 0.520 3.340e-03 -0.300     136917
1632447399.94 0.520 3.349e-03 -0.300     136520
1632447401.35 0.520 3.338e-03 -0.300     137065
1632447402.77 0.520 3.340e-03 -0.300     136077
1632447404.19 0.520 3.340e-03 -0.300     136500
1632447405.61 0.520 3.352e-03 -0.300     137145
1632447407.03 0.530 3.339e-03 -0.300     143909
1632447408.44 0.530 3.354e-03 -0.300     143876
1632447409.86 0.530 3.357e-03 -0.300     143175
1632447411.29 0.530 3.368e-03 -0.300     143158
1632447412.70 0.530 3.351e-03 -0.300     142606
1632447414.12 0.530 3.345e-03 -0.300     143477
1632447415.54 0.530 3.363e-03 -0.300     143181
1632447416.96 0.530 3.350e-03 -0.300     143827
1632447418.37 0.530 3.348e-03 -0.300     143660
1632447419.78 0.530 3.361e-03 -0.300     142897
1632447421.20 0.540 3.367e-03 -0.300     150487
1632447422.61 0.540 3.366e-03 -0.300     150578
1632447424.04 0.540 3.368e-03 -0.300     150584
1632447425.45 0.540 3.368e-03 -0.300     150716
1632447426.86 0.540 3.380e-03 -0.300     150208
1632447428.28 0.540 3.368e-03 -0.300     150763
1632447429.68 0.540 3.362e-03 -0.300     150063
1632447431.10 0.540 3.375e-03 -0.300     150371
1632447432.52 0.540 3.374e-03 -0.300     150514
1632447433.93 0.540 3.375e-03 -0.300     149832
1632447435.34 0.550 3.370e-03 -0.300     157688
1632447436.76 0.550 3.392e-03 -0.300     157723
1632447438.17 0.550 3.387e-03 -0.300     157208
1632447439.59 0.550 3.376e-03 -0.300     157453
1632447440.99 0.550 3.384e-03 -0.300     158054
1632447442.40 0.550 3.392e-03 -0.300     156948
1632447443.82 0.550 3.383e-03 -0.300     157910
1632447445.23 0.550 3.377e-03 -0.300     157886
1632447446.64 0.550 3.387e-03 -0.300     157541
1632447448.06 0.550 3.396e-03 -0.300     158331
1632447449.47 0.560 3.404e-03 -0.300      40924
1632447450.88 0.560 1.000e+10 -0.300          0
1632447452.28 0.560 1.000e+10 -0.300          0
1632447453.69 0.560 1.000e+10 -0.300          0
1632447455.11 0.560 1.000e+10 -0.300          0
1632447456.54 0.560 1.000e+10 -0.300          0
1632447457.96 0.560 1.000e+10 -0.300          0
1632447459.37 0.560 1.000e+10 -0.300          0
1632447460.78 0.560 1.000e+10 -0.300          0
1632447462.21 0.560 1.000e+10 -0.300          0
