# Time: 2021-09-23 20:16:40.907000
# Computer: 686DR2
# Program commandline: ['console_DE_v4.py', '-wl', '1550', '--no-pol', '-daqloop', '10', '-att', '31.1']
# cwd: C:\Python\de_v3
#
#  NIST Detector:  SMA0
#
# Config
# {'ch': 0, 'sw_pm': 1, 'skip_zero': False, 'measure_cmax': False, 'target_att': 31.1, 'both_pol': False, 'daqloop': 10, 'basefilename': 'C:\\Users\\qittlab/Documents/686DR2/2021_09_23/20_16.dat', 'bias_dict': [0.3, 0.7, 0.01, 0.5], 'take_darks': True, 'use_att': -1, 'cmax_stop': 12.0, 'thresh': 0.5, 'wavelength': 1550, 'readings': 5, 'hysteresis_ch': 4, 'wait_for_att': 3, 'cmax_num': 5, 'use_comparator': True, 'd': 0, 'nocal': False, 'initial_range': 0, 'use_config_att': False, 'thresh_ch': 3, 'sw_det': 2, 'cmax_vstart': 0.4, 'cmax_start': 34.0, 'hysteresis': 4.0, 'max_pol': True, 'counter_time': 1, 'target_rate': 400000, 'nopol': True}
#
#  Dark counts
##########
# scan bias
# case: 10
##########
# Voltage source
##########
# Voltage meter
# Keithley199 dmm; addr: 8
##########
# Counter
# Counter is SR400, gpib: 23
# Counter threshold is -0.3
# Counter slope (0:+, 1:-) is 1.0
# channel: 0
#  time: 1.000000e+00
#####
#  time, vbias, vdmm, thresh, counts
1632449818.45 0.300 2.618e-03 -0.300          0
1632449819.87 0.300 3.025e-03 -0.300          0
1632449821.29 0.300 3.025e-03 -0.300          0
1632449822.69 0.300 3.028e-03 -0.300          0
1632449824.10 0.300 3.028e-03 -0.300          0
1632449825.50 0.300 3.027e-03 -0.300          0
1632449826.92 0.300 3.013e-03 -0.300          0
1632449828.34 0.300 3.031e-03 -0.300          0
1632449829.76 0.300 3.040e-03 -0.300          0
1632449831.18 0.300 3.035e-03 -0.300          0
1632449832.59 0.310 3.015e-03 -0.300          0
1632449834.00 0.310 3.048e-03 -0.300          0
1632449835.43 0.310 3.054e-03 -0.300          0
1632449836.84 0.310 3.038e-03 -0.300          0
1632449838.24 0.310 3.031e-03 -0.300          0
1632449839.65 0.310 3.043e-03 -0.300          0
1632449841.06 0.310 3.039e-03 -0.300          0
1632449842.47 0.310 3.038e-03 -0.300          0
1632449843.87 0.310 3.044e-03 -0.300          0
1632449845.28 0.310 3.044e-03 -0.300          0
1632449846.69 0.320 3.041e-03 -0.300          0
1632449848.11 0.320 3.041e-03 -0.300          0
1632449849.54 0.320 3.058e-03 -0.300          0
1632449850.95 0.320 3.067e-03 -0.300          0
1632449852.36 0.320 3.059e-03 -0.300          0
1632449853.78 0.320 3.043e-03 -0.300          0
1632449855.20 0.320 3.055e-03 -0.300          0
1632449856.61 0.320 3.059e-03 -0.300          0
1632449858.02 0.320 3.050e-03 -0.300          0
1632449859.44 0.320 3.046e-03 -0.300          0
1632449860.87 0.330 3.056e-03 -0.300          0
1632449862.28 0.330 3.083e-03 -0.300          0
1632449863.69 0.330 3.066e-03 -0.300          0
1632449865.09 0.330 3.055e-03 -0.300          0
1632449866.50 0.330 3.067e-03 -0.300          0
1632449867.92 0.330 3.069e-03 -0.300          0
1632449869.33 0.330 3.062e-03 -0.300          0
1632449870.73 0.330 3.064e-03 -0.300          0
1632449872.14 0.330 3.077e-03 -0.300          0
1632449873.57 0.330 3.078e-03 -0.300          0
1632449874.97 0.340 3.059e-03 -0.300          0
1632449876.40 0.340 3.083e-03 -0.300          0
1632449877.82 0.340 3.086e-03 -0.300          0
1632449879.24 0.340 3.082e-03 -0.300          0
1632449880.66 0.340 3.083e-03 -0.300          0
1632449882.08 0.340 3.080e-03 -0.300          0
1632449883.49 0.340 3.099e-03 -0.300          0
1632449884.90 0.340 3.082e-03 -0.300          0
1632449886.31 0.340 3.079e-03 -0.300          0
1632449887.72 0.340 3.092e-03 -0.300          0
1632449889.13 0.350 3.095e-03 -0.300          0
1632449890.55 0.350 3.092e-03 -0.300          0
1632449891.96 0.350 3.089e-03 -0.300          0
1632449893.38 0.350 3.098e-03 -0.300          0
1632449894.79 0.350 3.092e-03 -0.300          0
1632449896.19 0.350 3.082e-03 -0.300          0
1632449897.60 0.350 3.097e-03 -0.300          0
1632449899.01 0.350 3.099e-03 -0.300          0
1632449900.43 0.350 3.094e-03 -0.300          0
1632449901.85 0.350 3.092e-03 -0.300          0
1632449903.26 0.360 3.109e-03 -0.300          0
1632449904.67 0.360 3.117e-03 -0.300          0
1632449906.09 0.360 3.109e-03 -0.300          0
1632449907.50 0.360 3.098e-03 -0.300          0
1632449908.92 0.360 3.117e-03 -0.300          0
1632449910.32 0.360 3.108e-03 -0.300          0
1632449911.73 0.360 3.108e-03 -0.300          0
1632449913.16 0.360 3.108e-03 -0.300          0
1632449914.57 0.360 3.109e-03 -0.300          1
1632449915.99 0.360 3.102e-03 -0.300          0
1632449917.40 0.370 3.095e-03 -0.300          1
1632449918.81 0.370 3.127e-03 -0.300          1
1632449920.21 0.370 3.131e-03 -0.300          0
1632449921.63 0.370 3.117e-03 -0.300          0
1632449923.04 0.370 3.109e-03 -0.300          0
1632449924.45 0.370 3.125e-03 -0.300          0
1632449925.87 0.370 3.137e-03 -0.300          0
1632449927.29 0.370 3.116e-03 -0.300          2
1632449928.70 0.370 3.123e-03 -0.300          2
1632449930.11 0.370 3.122e-03 -0.300          0
1632449931.52 0.380 3.119e-03 -0.300          8
1632449932.94 0.380 3.134e-03 -0.300          8
1632449934.35 0.380 3.140e-03 -0.300          5
1632449935.77 0.380 3.140e-03 -0.300          2
1632449937.19 0.380 3.134e-03 -0.300          4
1632449938.60 0.380 3.124e-03 -0.300          8
1632449940.01 0.380 3.138e-03 -0.300          5
1632449941.43 0.380 3.135e-03 -0.300          3
1632449942.85 0.380 3.140e-03 -0.300          5
1632449944.26 0.380 3.130e-03 -0.300          8
1632449945.69 0.390 3.153e-03 -0.300         21
1632449947.11 0.390 3.153e-03 -0.300         25
1632449948.54 0.390 3.143e-03 -0.300         15
1632449949.96 0.390 3.142e-03 -0.300         14
1632449951.38 0.390 3.152e-03 -0.300         20
1632449952.79 0.390 3.159e-03 -0.300         25
1632449954.20 0.390 3.151e-03 -0.300         32
1632449955.61 0.390 3.135e-03 -0.300          8
1632449957.02 0.390 3.154e-03 -0.300         18
1632449958.44 0.390 3.154e-03 -0.300         15
1632449959.86 0.400 3.153e-03 -0.300         46
1632449961.27 0.400 3.164e-03 -0.300         61
1632449962.69 0.400 3.165e-03 -0.300         58
1632449964.11 0.400 3.163e-03 -0.300         53
1632449965.51 0.400 3.149e-03 -0.300         69
1632449966.92 0.400 3.168e-03 -0.300         56
1632449968.33 0.400 3.167e-03 -0.300         61
1632449969.75 0.400 3.158e-03 -0.300         53
1632449971.17 0.400 3.160e-03 -0.300         55
1632449972.60 0.400 3.161e-03 -0.300         55
1632449974.02 0.410 3.184e-03 -0.300        135
1632449975.44 0.410 3.179e-03 -0.300        150
1632449976.85 0.410 3.168e-03 -0.300        162
1632449978.26 0.410 3.179e-03 -0.300        150
1632449979.68 0.410 3.171e-03 -0.300        137
1632449981.09 0.410 3.180e-03 -0.300        128
1632449982.50 0.410 3.181e-03 -0.300        137
1632449983.92 0.410 3.178e-03 -0.300        143
1632449985.34 0.410 3.169e-03 -0.300        137
1632449986.76 0.410 3.172e-03 -0.300        141
1632449988.18 0.420 3.178e-03 -0.300        240
1632449989.59 0.420 3.200e-03 -0.300        250
1632449991.00 0.420 3.193e-03 -0.300        290
1632449992.42 0.420 3.185e-03 -0.300        279
1632449993.84 0.420 3.193e-03 -0.300        277
1632449995.25 0.420 3.198e-03 -0.300        248
1632449996.66 0.420 3.183e-03 -0.300        242
1632449998.07 0.420 3.185e-03 -0.300        254
1632449999.48 0.420 3.191e-03 -0.300        253
1632450000.90 0.420 3.203e-03 -0.300        268
1632450002.32 0.430 3.180e-03 -0.300        419
1632450003.73 0.430 3.188e-03 -0.300        467
1632450005.16 0.430 3.210e-03 -0.300        416
1632450006.57 0.430 3.213e-03 -0.300        417
1632450007.98 0.430 3.206e-03 -0.300        412
1632450009.38 0.430 3.204e-03 -0.300        437
1632450010.80 0.430 3.220e-03 -0.300        396
1632450012.21 0.430 3.201e-03 -0.300        437
1632450013.62 0.430 3.199e-03 -0.300        428
1632450015.04 0.430 3.205e-03 -0.300        406
1632450016.45 0.440 3.210e-03 -0.300        649
1632450017.86 0.440 3.221e-03 -0.300        654
1632450019.27 0.440 3.216e-03 -0.300        657
1632450020.69 0.440 3.217e-03 -0.300        644
1632450022.11 0.440 3.218e-03 -0.300        732
1632450023.53 0.440 3.218e-03 -0.300        669
1632450024.94 0.440 3.214e-03 -0.300        664
1632450026.35 0.440 3.223e-03 -0.300        680
1632450027.75 0.440 3.222e-03 -0.300        648
1632450029.17 0.440 3.217e-03 -0.300        662
1632450030.59 0.450 3.222e-03 -0.300       1053
1632450032.00 0.450 3.229e-03 -0.300       1049
1632450033.41 0.450 3.224e-03 -0.300       1082
1632450034.82 0.450 3.219e-03 -0.300       1071
1632450036.23 0.450 3.236e-03 -0.300       1052
1632450037.65 0.450 3.232e-03 -0.300        962
1632450039.05 0.450 3.226e-03 -0.300       1064
1632450040.46 0.450 3.226e-03 -0.300        997
1632450041.87 0.450 3.232e-03 -0.300       1094
1632450043.30 0.450 3.238e-03 -0.300       1024
1632450044.70 0.460 3.244e-03 -0.300       1710
1632450046.12 0.460 3.236e-03 -0.300       1709
1632450047.53 0.460 3.247e-03 -0.300       1737
1632450048.95 0.460 3.251e-03 -0.300       1713
1632450050.38 0.460 3.245e-03 -0.300       1785
1632450051.80 0.460 3.247e-03 -0.300       1683
1632450053.21 0.460 3.245e-03 -0.300       1752
1632450054.63 0.460 3.247e-03 -0.300       1760
1632450056.04 0.460 3.233e-03 -0.300       1750
1632450057.45 0.460 3.249e-03 -0.300       1740
1632450058.87 0.470 3.252e-03 -0.300       2843
1632450060.28 0.470 3.255e-03 -0.300       2933
1632450061.69 0.470 3.241e-03 -0.300       2914
1632450063.10 0.470 3.262e-03 -0.300       2946
1632450064.53 0.470 3.277e-03 -0.300       2913
1632450065.93 0.470 3.254e-03 -0.300       2916
1632450067.34 0.470 3.258e-03 -0.300       2944
1632450068.75 0.470 3.262e-03 -0.300       2904
1632450070.17 0.470 3.256e-03 -0.300       2943
1632450071.59 0.470 3.257e-03 -0.300       2973
1632450072.99 0.480 3.258e-03 -0.300       4879
1632450074.41 0.480 3.290e-03 -0.300       4826
1632450075.83 0.480 3.269e-03 -0.300       4793
1632450077.23 0.480 3.262e-03 -0.300       4866
1632450078.64 0.480 3.272e-03 -0.300       4790
1632450080.06 0.480 3.288e-03 -0.300       4578
1632450081.47 0.480 3.273e-03 -0.300       4804
1632450082.88 0.480 3.256e-03 -0.300       4799
1632450084.29 0.480 3.270e-03 -0.300       4754
1632450085.70 0.480 3.289e-03 -0.300       4832
1632450087.11 0.490 3.285e-03 -0.300       7254
1632450088.52 0.490 3.281e-03 -0.300       7480
1632450089.93 0.490 3.287e-03 -0.300       7259
1632450091.34 0.490 3.285e-03 -0.300       7473
1632450092.75 0.490 3.290e-03 -0.300       7429
1632450094.17 0.490 3.284e-03 -0.300       7142
1632450095.59 0.490 3.292e-03 -0.300       7152
1632450097.01 0.490 3.283e-03 -0.300       7389
1632450098.42 0.490 3.275e-03 -0.300       7394
1632450099.84 0.490 3.289e-03 -0.300       7358
1632450101.25 0.500 3.311e-03 -0.300      10686
1632450102.67 0.500 3.304e-03 -0.300      10940
1632450104.08 0.500 3.287e-03 -0.300      10968
1632450105.49 0.500 3.302e-03 -0.300      10738
1632450106.92 0.500 3.309e-03 -0.300      10820
1632450108.34 0.500 3.295e-03 -0.300      10984
1632450109.74 0.500 3.292e-03 -0.300      10726
1632450111.15 0.500 3.311e-03 -0.300      11082
1632450112.57 0.500 3.309e-03 -0.300      10930
1632450113.97 0.500 3.303e-03 -0.300      10884
1632450115.38 0.510 3.296e-03 -0.300      15491
1632450116.79 0.510 3.321e-03 -0.300      15272
1632450118.20 0.510 3.307e-03 -0.300      15285
1632450119.61 0.510 3.305e-03 -0.300      15435
1632450121.04 0.510 3.313e-03 -0.300      15466
1632450122.45 0.510 3.325e-03 -0.300      15415
1632450123.87 0.510 3.322e-03 -0.300      15472
1632450125.28 0.510 3.314e-03 -0.300      15381
1632450126.69 0.510 3.315e-03 -0.300      15677
1632450128.11 0.510 3.329e-03 -0.300      15335
1632450129.54 0.520 3.316e-03 -0.300      20871
1632450130.95 0.520 3.327e-03 -0.300      21029
1632450132.36 0.520 3.334e-03 -0.300      20994
1632450133.78 0.520 3.339e-03 -0.300      20835
1632450135.21 0.520 3.327e-03 -0.300      20837
1632450136.62 0.520 3.316e-03 -0.300      20657
1632450138.03 0.520 3.335e-03 -0.300      20949
1632450139.44 0.520 3.346e-03 -0.300      20973
1632450140.85 0.520 3.328e-03 -0.300      20965
1632450142.26 0.520 3.334e-03 -0.300      20796
1632450143.68 0.530 3.339e-03 -0.300      26728
1632450145.10 0.530 3.339e-03 -0.300      27278
1632450146.51 0.530 3.335e-03 -0.300      27171
1632450147.92 0.530 3.349e-03 -0.300      27029
1632450149.33 0.530 3.352e-03 -0.300      27239
1632450150.75 0.530 3.342e-03 -0.300      27509
1632450152.16 0.530 3.339e-03 -0.300      27263
1632450153.58 0.530 3.350e-03 -0.300      27064
1632450154.99 0.530 3.357e-03 -0.300      27112
1632450156.41 0.530 3.341e-03 -0.300      27047
1632450157.83 0.540 3.346e-03 -0.300      34089
1632450159.23 0.540 3.362e-03 -0.300      34029
1632450160.64 0.540 3.359e-03 -0.300      33948
1632450162.07 0.540 3.353e-03 -0.300      33892
1632450163.47 0.540 3.359e-03 -0.300      34382
1632450164.88 0.540 3.358e-03 -0.300      33944
1632450166.29 0.540 3.360e-03 -0.300      34045
1632450167.70 0.540 3.356e-03 -0.300      33788
1632450169.12 0.540 3.357e-03 -0.300      34092
1632450170.54 0.540 3.364e-03 -0.300      34308
1632450171.94 0.550 3.351e-03 -0.300      41487
1632450173.37 0.550 3.369e-03 -0.300      41519
1632450174.78 0.550 3.368e-03 -0.300      41574
1632450176.19 0.550 3.393e-03 -0.300      41299
1632450177.60 0.550 3.376e-03 -0.300      41851
1632450179.01 0.550 3.372e-03 -0.300      41786
1632450180.43 0.550 3.378e-03 -0.300      41614
1632450181.85 0.550 3.380e-03 -0.300      41655
1632450183.27 0.550 3.372e-03 -0.300      41438
1632450184.69 0.550 3.366e-03 -0.300      41404
1632450186.11 0.560 3.374e-03 -0.300      49271
1632450187.53 0.560 3.386e-03 -0.300      49693
1632450188.93 0.560 3.378e-03 -0.300      49046
1632450190.35 0.560 3.381e-03 -0.300      48910
1632450191.76 0.560 3.395e-03 -0.300      49136
1632450193.17 0.560 3.387e-03 -0.300      49577
1632450194.60 0.560 3.365e-03 -0.300      49339
1632450196.00 0.560 3.385e-03 -0.300      49498
1632450197.42 0.560 3.398e-03 -0.300      49511
1632450198.83 0.560 3.386e-03 -0.300      49471
1632450200.23 0.570 3.380e-03 -0.300      57287
1632450201.64 0.570 3.406e-03 -0.300      19263
1632450203.05 0.570 1.000e+10 -0.300          0
1632450204.47 0.570 1.000e+10 -0.300          0
1632450205.89 0.570 1.000e+10 -0.300          0
1632450207.30 0.570 1.000e+10 -0.300          0
1632450208.72 0.570 1.000e+10 -0.300          0
1632450210.13 0.570 1.000e+10 -0.300          0
1632450211.54 0.570 1.000e+10 -0.300          0
1632450212.94 0.570 1.000e+10 -0.300          0
#  Light counts
##########
# scan bias
# case: 10
##########
# Voltage source
##########
# Voltage meter
# Keithley199 dmm; addr: 8
##########
# Counter
# Counter is SR400, gpib: 23
# Counter threshold is -0.3
# Counter slope (0:+, 1:-) is 1.0
# channel: 0
#  time: 1.000000e+00
#####
#  time, vbias, vdmm, thresh, counts
1632450544.55 0.300 2.774e-03 -0.300          0
1632450545.96 0.300 3.026e-03 -0.300          0
1632450547.39 0.300 3.021e-03 -0.300          0
1632450548.80 0.300 3.014e-03 -0.300          0
1632450550.21 0.300 3.029e-03 -0.300          0
1632450551.62 0.300 3.036e-03 -0.300          0
1632450553.04 0.300 3.024e-03 -0.300          0
1632450554.44 0.300 3.027e-03 -0.300          0
1632450555.85 0.300 3.027e-03 -0.300          0
1632450557.26 0.300 3.029e-03 -0.300          0
1632450558.68 0.310 3.032e-03 -0.300          0
1632450560.08 0.310 3.035e-03 -0.300          0
1632450561.49 0.310 3.048e-03 -0.300          0
1632450562.91 0.310 3.037e-03 -0.300          0
1632450564.34 0.310 3.027e-03 -0.300          1
1632450565.74 0.310 3.038e-03 -0.300          0
1632450567.16 0.310 3.046e-03 -0.300          0
1632450568.58 0.310 3.041e-03 -0.300          0
1632450569.99 0.310 3.037e-03 -0.300          0
1632450571.41 0.310 3.042e-03 -0.300          0
1632450572.84 0.320 3.038e-03 -0.300          0
1632450574.25 0.320 3.050e-03 -0.300          0
1632450575.65 0.320 3.040e-03 -0.300          0
1632450577.06 0.320 3.057e-03 -0.300          0
1632450578.48 0.320 3.056e-03 -0.300          0
1632450579.89 0.320 3.042e-03 -0.300          0
1632450581.32 0.320 3.060e-03 -0.300          0
1632450582.73 0.320 3.062e-03 -0.300          0
1632450584.14 0.320 3.053e-03 -0.300          0
1632450585.56 0.320 3.042e-03 -0.300          0
1632450586.98 0.330 3.060e-03 -0.300          2
1632450588.40 0.330 3.078e-03 -0.300          3
1632450589.81 0.330 3.065e-03 -0.300          3
1632450591.22 0.330 3.048e-03 -0.300          2
1632450592.63 0.330 3.067e-03 -0.300          2
1632450594.06 0.330 3.083e-03 -0.300          4
1632450595.47 0.330 3.066e-03 -0.300          2
1632450596.89 0.330 3.063e-03 -0.300          0
1632450598.31 0.330 3.065e-03 -0.300          0
1632450599.73 0.330 3.065e-03 -0.300          1
1632450601.16 0.340 3.066e-03 -0.300         24
1632450602.58 0.340 3.077e-03 -0.300         25
1632450604.00 0.340 3.087e-03 -0.300         22
1632450605.41 0.340 3.087e-03 -0.300         20
1632450606.82 0.340 3.072e-03 -0.300         11
1632450608.23 0.340 3.078e-03 -0.300         21
1632450609.64 0.340 3.094e-03 -0.300         16
1632450611.06 0.340 3.087e-03 -0.300         27
1632450612.47 0.340 3.072e-03 -0.300         21
1632450613.89 0.340 3.076e-03 -0.300         19
1632450615.31 0.350 3.084e-03 -0.300        200
1632450616.72 0.350 3.094e-03 -0.300        200
1632450618.14 0.350 3.092e-03 -0.300        196
1632450619.56 0.350 3.096e-03 -0.300        227
1632450620.97 0.350 3.093e-03 -0.300        196
1632450622.40 0.350 3.091e-03 -0.300        198
1632450623.83 0.350 3.089e-03 -0.300        169
1632450625.23 0.350 3.104e-03 -0.300        199
1632450626.65 0.350 3.100e-03 -0.300        191
1632450628.07 0.350 3.096e-03 -0.300        203
1632450629.47 0.360 3.096e-03 -0.300       1274
1632450630.88 0.360 3.117e-03 -0.300       1335
1632450632.30 0.360 3.110e-03 -0.300       1269
1632450633.72 0.360 3.105e-03 -0.300       1278
1632450635.14 0.360 3.117e-03 -0.300       1305
1632450636.56 0.360 3.121e-03 -0.300       1280
1632450637.98 0.360 3.113e-03 -0.300       1222
1632450639.40 0.360 3.096e-03 -0.300       1268
1632450640.82 0.360 3.118e-03 -0.300       1266
1632450642.22 0.360 3.124e-03 -0.300       1294
1632450643.63 0.370 3.121e-03 -0.300       5975
1632450645.04 0.370 3.130e-03 -0.300       6005
1632450646.44 0.370 3.128e-03 -0.300       5898
1632450647.86 0.370 3.131e-03 -0.300       5969
1632450649.28 0.370 3.133e-03 -0.300       6083
1632450650.70 0.370 3.131e-03 -0.300       6187
1632450652.11 0.370 3.132e-03 -0.300       6208
1632450653.53 0.370 3.126e-03 -0.300       6243
1632450654.94 0.370 3.132e-03 -0.300       6158
1632450656.37 0.370 3.114e-03 -0.300       6251
1632450657.78 0.380 3.160e-03 -0.300      19924
1632450659.18 0.380 3.157e-03 -0.300      19944
1632450660.60 0.380 3.144e-03 -0.300      19908
1632450662.01 0.380 3.145e-03 -0.300      19973
1632450663.43 0.380 3.156e-03 -0.300      20070
1632450664.85 0.380 3.142e-03 -0.300      19989
1632450666.26 0.380 3.149e-03 -0.300      19938
1632450667.67 0.380 3.153e-03 -0.300      19979
1632450669.09 0.380 3.153e-03 -0.300      20037
1632450670.50 0.380 3.146e-03 -0.300      19819
1632450671.90 0.390 3.146e-03 -0.300      46590
1632450673.31 0.390 3.176e-03 -0.300      46917
1632450674.72 0.390 3.159e-03 -0.300      46381
1632450676.14 0.390 3.158e-03 -0.300      46850
1632450677.56 0.390 3.165e-03 -0.300      46746
1632450678.98 0.390 3.180e-03 -0.300      46546
1632450680.41 0.390 3.171e-03 -0.300      46861
1632450681.83 0.390 3.160e-03 -0.300      46261
1632450683.25 0.390 3.171e-03 -0.300      46528
1632450684.67 0.390 3.179e-03 -0.300      47199
1632450686.08 0.400 3.165e-03 -0.300      83521
1632450687.49 0.400 3.171e-03 -0.300      83129
1632450688.91 0.400 3.180e-03 -0.300      83270
1632450690.31 0.400 3.191e-03 -0.300      83355
1632450691.72 0.400 3.178e-03 -0.300      83371
1632450693.14 0.400 3.169e-03 -0.300      83287
1632450694.56 0.400 3.185e-03 -0.300      83488
1632450695.98 0.400 3.188e-03 -0.300      84020
1632450697.41 0.400 3.180e-03 -0.300      83379
1632450698.82 0.400 3.183e-03 -0.300      83434
1632450700.23 0.410 3.181e-03 -0.300     120192
1632450701.65 0.410 3.188e-03 -0.300     121031
1632450703.06 0.410 3.185e-03 -0.300     120307
1632450704.47 0.410 3.199e-03 -0.300     120591
1632450705.89 0.410 3.204e-03 -0.300     120795
1632450707.31 0.410 3.199e-03 -0.300     120204
1632450708.72 0.410 3.175e-03 -0.300     120489
1632450710.14 0.410 3.195e-03 -0.300     120220
1632450711.55 0.410 3.209e-03 -0.300     119982
1632450712.97 0.410 3.189e-03 -0.300     120842
1632450714.40 0.420 3.194e-03 -0.300     148777
1632450715.82 0.420 3.207e-03 -0.300     149943
1632450717.24 0.420 3.212e-03 -0.300     149321
1632450718.66 0.420 3.209e-03 -0.300     149746
1632450720.07 0.420 3.197e-03 -0.300     149649
1632450721.48 0.420 3.209e-03 -0.300     150345
1632450722.90 0.420 3.214e-03 -0.300     149532
1632450724.31 0.420 3.208e-03 -0.300     149717
1632450725.72 0.420 3.206e-03 -0.300     149926
1632450727.14 0.420 3.217e-03 -0.300     149844
1632450728.55 0.430 3.205e-03 -0.300     170157
1632450729.95 0.430 3.213e-03 -0.300     170307
1632450731.37 0.430 3.222e-03 -0.300     170421
1632450732.78 0.430 3.227e-03 -0.300     170583
1632450734.20 0.430 3.223e-03 -0.300     170273
1632450735.61 0.430 3.217e-03 -0.300     169735
1632450737.02 0.430 3.225e-03 -0.300     170246
1632450738.43 0.430 3.229e-03 -0.300     171205
1632450739.85 0.430 3.225e-03 -0.300     170337
1632450741.26 0.430 3.213e-03 -0.300     169604
1632450742.68 0.440 3.236e-03 -0.300     184723
1632450744.09 0.440 3.243e-03 -0.300     184138
1632450745.50 0.440 3.237e-03 -0.300     185463
1632450746.90 0.440 3.238e-03 -0.300     184405
1632450748.33 0.440 3.252e-03 -0.300     184098
1632450749.73 0.440 3.234e-03 -0.300     184001
1632450751.14 0.440 3.227e-03 -0.300     183740
1632450752.56 0.440 3.245e-03 -0.300     184258
1632450753.97 0.440 3.245e-03 -0.300     184586
1632450755.38 0.440 3.238e-03 -0.300     184882
1632450756.79 0.450 3.233e-03 -0.300     193986
1632450758.19 0.450 3.254e-03 -0.300     194287
1632450759.60 0.450 3.249e-03 -0.300     194518
1632450761.02 0.450 3.253e-03 -0.300     195223
1632450762.43 0.450 3.239e-03 -0.300     194577
1632450763.84 0.450 3.249e-03 -0.300     194365
1632450765.26 0.450 3.250e-03 -0.300     194707
1632450766.68 0.450 3.243e-03 -0.300     194601
1632450768.10 0.450 3.253e-03 -0.300     194570
1632450769.51 0.450 3.262e-03 -0.300     194434
1632450770.92 0.460 3.245e-03 -0.300     201873
1632450772.33 0.460 3.251e-03 -0.300     201340
1632450773.75 0.460 3.273e-03 -0.300     201151
1632450775.16 0.460 3.278e-03 -0.300     202188
1632450776.58 0.460 3.263e-03 -0.300     201380
1632450777.99 0.460 3.267e-03 -0.300     201767
1632450779.40 0.460 3.266e-03 -0.300     201713
1632450780.82 0.460 3.280e-03 -0.300     201208
1632450782.23 0.460 3.265e-03 -0.300     201216
1632450783.63 0.460 3.256e-03 -0.300     201046
1632450785.05 0.470 3.287e-03 -0.300     207013
1632450786.46 0.470 3.288e-03 -0.300     207313
1632450787.86 0.470 3.281e-03 -0.300     207082
1632450789.27 0.470 3.281e-03 -0.300     208030
1632450790.68 0.470 3.283e-03 -0.300     207115
1632450792.09 0.470 3.281e-03 -0.300     206518
1632450793.51 0.470 3.269e-03 -0.300     206858
1632450794.92 0.470 3.283e-03 -0.300     207654
1632450796.33 0.470 3.293e-03 -0.300     207220
1632450797.74 0.470 3.278e-03 -0.300     208009
1632450799.16 0.480 3.277e-03 -0.300     212237
1632450800.57 0.480 3.295e-03 -0.300     212390
1632450801.97 0.480 3.292e-03 -0.300     211920
1632450803.38 0.480 3.295e-03 -0.300     211924
1632450804.81 0.480 3.279e-03 -0.300     212555
1632450806.22 0.480 3.298e-03 -0.300     212197
1632450807.64 0.480 3.305e-03 -0.300     212633
1632450809.05 0.480 3.290e-03 -0.300     211862
1632450810.46 0.480 3.292e-03 -0.300     212274
1632450811.87 0.480 3.299e-03 -0.300     212800
1632450813.29 0.490 3.293e-03 -0.300     216757
1632450814.70 0.490 3.294e-03 -0.300     217207
1632450816.11 0.490 3.312e-03 -0.300     217639
1632450817.52 0.490 3.321e-03 -0.300     217277
1632450818.94 0.490 3.309e-03 -0.300     217746
1632450820.36 0.490 3.309e-03 -0.300     217599
1632450821.77 0.490 3.307e-03 -0.300     217499
1632450823.17 0.490 3.329e-03 -0.300     217072
1632450824.59 0.490 3.313e-03 -0.300     216323
1632450826.00 0.490 3.305e-03 -0.300     217278
1632450827.42 0.500 3.333e-03 -0.300     222610
1632450828.84 0.500 3.328e-03 -0.300     222745
1632450830.24 0.500 3.328e-03 -0.300     222055
1632450831.65 0.500 3.322e-03 -0.300     222711
1632450833.05 0.500 3.331e-03 -0.300     223180
1632450834.46 0.500 3.319e-03 -0.300     221580
1632450835.87 0.500 3.322e-03 -0.300     222868
1632450837.30 0.500 3.329e-03 -0.300     222859
1632450838.72 0.500 3.334e-03 -0.300     221874
1632450840.14 0.500 3.321e-03 -0.300     222406
1632450841.57 0.510 3.320e-03 -0.300     228494
1632450842.99 0.510 3.340e-03 -0.300     228117
1632450844.41 0.510 3.353e-03 -0.300     227109
1632450845.83 0.510 3.340e-03 -0.300     228505
1632450847.25 0.510 3.337e-03 -0.300     228202
1632450848.66 0.510 3.345e-03 -0.300     226928
1632450850.08 0.510 3.345e-03 -0.300     229229
1632450851.49 0.510 3.336e-03 -0.300     228166
1632450852.92 0.510 3.336e-03 -0.300     227905
1632450854.34 0.510 3.348e-03 -0.300     228792
1632450855.75 0.520 3.359e-03 -0.300     233375
1632450857.16 0.520 3.354e-03 -0.300     234506
1632450858.57 0.520 3.350e-03 -0.300     234321
1632450859.98 0.520 3.370e-03 -0.300     234402
1632450861.39 0.520 3.354e-03 -0.300     234662
1632450862.81 0.520 3.345e-03 -0.300     234556
1632450864.22 0.520 3.358e-03 -0.300     234696
1632450865.63 0.520 3.367e-03 -0.300     234744
1632450867.05 0.520 3.353e-03 -0.300     234102
1632450868.46 0.520 3.347e-03 -0.300     234305
1632450869.89 0.530 3.358e-03 -0.300     241250
1632450871.30 0.530 3.376e-03 -0.300     240713
1632450872.72 0.530 3.367e-03 -0.300     241236
1632450874.15 0.530 3.359e-03 -0.300     241594
1632450875.56 0.530 3.376e-03 -0.300     242476
1632450876.97 0.530 3.380e-03 -0.300     240187
1632450878.39 0.530 3.370e-03 -0.300     242196
1632450879.80 0.530 3.368e-03 -0.300     241798
1632450881.20 0.530 3.376e-03 -0.300     241400
1632450882.62 0.530 3.376e-03 -0.300     240969
1632450884.03 0.540 3.359e-03 -0.300     248112
1632450885.45 0.540 3.392e-03 -0.300     247717
1632450886.87 0.540 3.393e-03 -0.300     246813
1632450888.30 0.540 3.382e-03 -0.300     247270
1632450889.71 0.540 3.373e-03 -0.300     247592
1632450891.14 0.540 3.385e-03 -0.300     248389
1632450892.54 0.540 3.404e-03 -0.300     247570
1632450893.95 0.540 3.389e-03 -0.300     248426
1632450895.36 0.540 3.376e-03 -0.300     249133
1632450896.79 0.540 3.392e-03 -0.300     247689
1632450898.21 0.550 3.396e-03 -0.300      71359
1632450899.63 0.550 1.000e+10 -0.300          0
1632450901.04 0.550 1.000e+10 -0.300          0
1632450902.46 0.550 1.000e+10 -0.300          0
1632450903.88 0.550 1.000e+10 -0.300          0
1632450905.30 0.550 1.000e+10 -0.300          0
1632450906.71 0.550 1.000e+10 -0.300          0
1632450908.13 0.550 1.000e+10 -0.300          0
1632450909.54 0.550 1.000e+10 -0.300          0
1632450910.96 0.550 1.000e+10 -0.300          0
