1082	1289.057	
1083	1307.811	
1084	1326.565	
1085	1345.319	
1086	1364.073	
1087	1374.837	
1088	1373.415	
1089	1371.993	
1090	1370.571	
1091	1369.149	
1092	1375.776	
1093	1391.368	
1094	1406.96	
1095	1422.553	
1096	1438.145	
1097	1434.983	
1098	1416.72	
1099	1398.457	
1100	1380.193	
1101	1361.93	
1102	1349.091	
1103	1339.343	
1104	1329.595	
1105	1319.848	
1106	1310.1	
1107	1321.637	
1108	1341.327	
1109	1361.018	
1110	1380.708	
1111	1400.398	
1112	1409.891	
1113	1417.022	
1114	1424.153	
1115	1431.284	
1116	1438.416	
1117	1409.143	
1118	1376.008	
1119	1342.872	
1120	1309.736	
1121	1276.6	
1122	1297.612	
1123	1318.624	
1124	1339.636	
1125	1360.648	
1126	1377.933	
1127	1360.926	
1128	1343.92	
1129	1326.913	
1130	1309.906	
1131	1302.255	
1132	1332.034	
1133	1361.813	
1134	1391.593	
1135	1421.372	
1136	1427.815	
1137	1380.82	
1138	1333.825	
1139	1286.829	
1140	1239.834	
1141	1228.893	
1142	1269.413	
1143	1309.932	
1144	1350.451	
1145	1390.97	
1146	1399.995	
1147	1380.29	
1148	1360.584	
1149	1340.879	
1150	1321.173	
1151	1327.155	
1152	1347.839	
1153	1368.523	
1154	1389.208	
1155	1409.892	
1156	1395.973	
1157	1370.707	
1158	1345.44	
1159	1320.174	
1160	1294.908	
1161	1302.423	
1162	1314.705	
1163	1326.987	
1164	1339.269	
1165	1351.551	
1166	1388.913	
1167	1426.377	
1168	1463.841	
1169	1501.305	
1170	1527.508	
1171	1472.632	
1172	1417.756	
1173	1362.88	
1174	1308.004	
1175	1273.047	
1176	1297.539	
1177	1322.03	
1178	1346.522	
1179	1371.014	
1180	1398.414	
1181	1430.48	
1182	1462.546	
1183	1494.612	
1184	1526.678	
1185	1508.846	
1186	1444.779	
1187	1380.711	
1188	1316.644	
1189	1252.576	
1190	1260.238	
1191	1305.35	
1192	1350.462	
1193	1395.574	
1194	1440.686	
1195	1441.746	
1196	1431.654	
1197	1421.561	
1198	1411.468	
1199	1401.375	
1200	1422.913	
1201	1446.362	
1202	1469.811	
1203	1493.26	
1204	1509.329	
1205	1450.74	
1206	1392.15	
1207	1333.561	
1208	1274.971	
1209	1240.858	
1210	1283.842	
1211	1326.827	
1212	1369.811	
1213	1412.795	
1214	1429.2	
1215	1404.897	
1216	1380.594	
1217	1356.291	
1218	1331.988	
1219	1332.263	
1220	1352.487	
1221	1372.71	
1222	1392.933	
1223	1413.157	
1224	1417.368	
1225	1415.073	
1226	1412.779	
1227	1410.484	
1228	1408.189	
1229	1384.612	
1230	1357.967	
1231	1331.323	
1232	1304.678	
1233	1280.832	
1234	1324.094	
1235	1367.356	
1236	1410.617	
1237	1453.879	
1238	1486.767	
1239	1480.387	
1240	1474.008	
1241	1467.628	
1242	1461.249	
1243	1458.208	
1244	1460.592	
1245	1462.976	
1246	1465.36	
1247	1467.744	
1248	1455.331	
1249	1431.151	
1250	1406.97	
1251	1382.789	
1252	1358.608	
1253	1356.593	
1254	1362.569	
1255	1368.545	
1256	1374.522	
1257	1380.498	
1258	1393.917	
1259	1408.019	
1260	1422.12	
1261	1436.222	
1262	1448.69	
1263	1446.613	
1264	1444.535	
1265	1442.457	
1266	1440.379	
1267	1431.247	
1268	1404.672	
1269	1378.096	
1270	1351.521	
1271	1324.946	
1272	1320.937	
1273	1341.474	
1274	1362.011	
1275	1382.547	
1276	1403.084	
1277	1399.462	
1278	1384.099	
1279	1368.737	
1280	1353.375	
1281	1338.012	
1282	1338.86	
1283	1342.152	
1284	1345.444	
1285	1348.735	
1286	1352.706	
1287	1365.839	
1288	1378.972	
1289	1392.105	
1290	1405.239	
1291	1418.374	
1292	1431.516	
1293	1444.657	
1294	1457.799	
1295	1470.941	
1296	1468.9	
1297	1450.282	
1298	1431.664	
1299	1413.045	
1300	1394.427	
1301	1403.81	
1302	1425.948	
1303	1448.087	
1304	1470.226	
1305	1492.365	
1306	1468.384	
1307	1439.225	
1308	1410.066	
1309	1380.906	
1310	1358.462	
1311	1387.696	
1312	1416.931	
1313	1446.166	
1314	1475.401	
1315	1480.852	
1316	1438.668	
1317	1396.484	
1318	1354.3	
1319	1312.116	
1320	1309.078	
1321	1337.56	
1322	1366.042	
1323	1394.525	
1324	1423.007	
1325	1421.301	
1326	1411.033	
1327	1400.765	
1328	1390.497	
1329	1380.381	
1330	1392.059	
1331	1403.736	
1332	1415.413	
1333	1427.091	
1334	1432.334	
1335	1416.871	
1336	1401.408	
1337	1385.944	
1338	1370.481	
1339	1364.643	
1340	1369.619	
1341	1374.595	
1342	1379.571	
1343	1384.547	
1344	1386.982	
1345	1388.368	
1346	1389.755	
1347	1391.141	
1348	1392.528	
1349	1378.012	
1350	1362.624	
1351	1347.236	
1352	1331.848	
1353	1318.114	
1354	1311.383	
1355	1304.652	
1356	1297.921	
1357	1291.19	
1358	1300.692	
1359	1331.106	
1360	1361.521	
1361	1391.936	
1362	1422.351	
1363	1426.626	
1364	1418.939	
1365	1411.251	
1366	1403.564	
1367	1395.877	
1368	1420.333	
1369	1446.913	
1370	1473.494	
1371	1500.075	
1372	1523.251	
1373	1532.277	
1374	1541.302	
1375	1550.328	
1376	1559.354	
1377	1534.229	
1378	1467.703	
1379	1401.178	
1380	1334.652	
1381	1268.127	
1382	1286.096	
1383	1337.913	
1384	1389.729	
1385	1441.545	
1386	1493.361	
1387	1474.597	
1388	1454.246	
1389	1433.895	
1390	1413.545	
1391	1399.199	
1392	1403.259	
1393	1407.319	
1394	1411.379	
1395	1415.439	
1396	1406.932	
1397	1386.682	
1398	1366.432	
1399	1346.182	
1400	1325.932	
1401	1373.971	
1402	1440.051	
1403	1506.132	
1404	1572.213	
1405	1627.382	
1406	1532.996	
1407	1438.61	
1408	1344.224	
1409	1249.838	
1410	1217.015	
1411	1299.525	
1412	1382.034	
1413	1464.543	
1414	1547.052	
1415	1540.771	
1416	1482.561	
1417	1424.351	
1418	1366.142	
1419	1307.932	
1420	1308.96	
1421	1315.351	
1422	1321.742	
1423	1328.132	
1424	1337.074	
1425	1355.787	
1426	1374.5	
1427	1393.213	
1428	1411.925	
1429	1425.957	
1430	1435.29	
1431	1444.622	
1432	1453.955	
1433	1463.287	
1434	1443.76	
1435	1416.793	
1436	1389.826	
1437	1362.859	
1438	1340.715	
1439	1365.598	
1440	1390.48	
1441	1415.363	
1442	1440.246	
1443	1459.145	
1444	1468.879	
1445	1478.612	
1446	1488.346	
1447	1498.079	
1448	1452.172	
1449	1382.414	
1450	1312.655	
1451	1242.896	
1452	1174.239	
1453	1241.096	
1454	1307.953	
1455	1374.811	
1456	1441.668	
1457	1482.095	
1458	1466.089	
1459	1450.084	
1460	1434.078	
1461	1418.073	
1462	1425.839	
1463	1447.385	
1464	1468.931	
1465	1490.476	
1466	1512.022	
1467	1476.839	
1468	1438.669	
1469	1400.498	
1470	1362.327	
1471	1346.401	
1472	1390.318	
1473	1434.235	
1474	1478.152	
1475	1522.069	
1476	1547.806	
1477	1561.117	
1478	1574.428	
1479	1587.738	
1480	1601.049	
1481	1578.182	
1482	1552.214	
1483	1526.245	
1484	1500.276	
1485	1476.118	
1486	1457.391	
1487	1438.664	
1488	1419.936	
1489	1401.209	
1490	1422.938	
1491	1473.601	
1492	1524.266	
1493	1574.929	
1494	1625.593	
1495	1603.694	
1496	1575.395	
1497	1547.096	
1498	1518.797	
1499	1499.484	
1500	1506.01	
1501	1512.537	
1502	1519.063	
1503	1525.589	
1504	1542.3	
1505	1565.802	
1506	1589.303	
1507	1612.805	
1508	1636.306	
1509	1638.798	
1510	1640.067	
1511	1641.335	
1512	1642.603	
1513	1669.905	
1514	1760.033	
1515	1850.161	
1516	1940.29	
1517	2030.418	
1518	2327.742	
1519	2739.581	
1520	3151.42	
1521	3563.259	
1522	3975.098	
1523	6650.318	
1524	9327.752	
1525	12005.18	
1526	14682.62	
1527	18009.15	
1528	22510.12	
1529	27011.08	
1530	31512.05	
1531	36013.01	
1532	38416.84	
1533	39993.09	
1534	41569.33	
1535	43145.58	
1536	44609.26	
1537	44777.55	
1538	44945.85	
1539	45114.14	
1540	45282.44	
1541	45498.1	
1542	45772.35	
1543	46046.61	
1544	46320.86	
1545	46595.12	
1546	46922.24	
1547	47261.2	
1548	47600.16	
1549	47939.12	
1550	48264.82	
1551	48533.94	
1552	48803.07	
1553	49072.19	
1554	49341.31	
1555	49595.23	
1556	49837.49	
1557	50079.75	
1558	50322	
1559	50564.27	
1560	50650.79	
1561	50728.24	
1562	50805.7	
1563	50883.15	
1564	50936.67	
1565	50941.16	
1566	50945.64	
1567	50950.13	
1568	50954.61	
1569	50435.94	
1570	49706.7	
1571	48977.46	
1572	48248.22	
1573	47214.69	
1574	43503.67	
1575	39792.66	
1576	36081.64	
1577	32370.63	
1578	28201.28	
1579	23560.67	
1580	18920.06	
1581	14279.44	
1582	9638.829	
1583	7856.814	
1584	6435.563	
1585	5014.311	
1586	3593.059	
1587	2522.839	
1588	2328.927	
1589	2135.016	
1590	1941.104	
1591	1747.192	
1592	1667.023	
1593	1638.673	
1594	1610.322	
1595	1581.972	
1596	1558.267	
1597	1580.998	
1598	1603.729	
1599	1626.459	
1600	1649.19	
1601	1637.857	
1602	1592.194	
1603	1546.53	
1604	1500.867	
1605	1455.203	
1606	1438.312	
1607	1424.337	
1608	1410.363	
1609	1396.388	
1610	1404.553	
1611	1459.539	
1612	1514.524	
1613	1569.51	
1614	1624.496	
1615	1623.853	
1616	1603.464	
1617	1583.076	
1618	1562.688	
1619	1538.87	
1620	1496.638	
1621	1454.405	
1622	1412.172	
1623	1369.94	
1624	1375.023	
1625	1414.376	
1626	1453.729	
1627	1493.082	
1628	1532.025	
1629	1502.716	
1630	1473.407	
1631	1444.099	
1632	1414.79	
1633	1394.447	
1634	1385.8	
1635	1377.153	
1636	1368.506	
1637	1359.859	
1638	1359.098	
1639	1359.558	
1640	1360.018	
1641	1360.479	
1642	1359.196	
1643	1353.869	
1644	1348.541	
1645	1343.213	
1646	1337.885	
1647	1358.981	
1648	1389.36	
1649	1419.74	
1650	1450.12	
1651	1469.334	
1652	1438.035	
1653	1406.736	
1654	1375.436	
1655	1344.137	
1656	1342.148	
1657	1357.746	
1658	1373.344	
1659	1388.941	
1660	1402.789	
1661	1394.415	
1662	1386.042	
1663	1377.668	
1664	1369.295	
1665	1376.355	
1666	1397.495	
1667	1418.635	
1668	1439.775	
1669	1460.915	
1670	1454.841	
1671	1448.127	
1672	1441.414	
1673	1434.7	
1674	1438.557	
1675	1456.2	
1676	1473.844	
1677	1491.487	
1678	1509.13	
1679	1456.79	
1680	1396.155	
1681	1335.52	
1682	1274.885	
1683	1254.572	
1684	1306.865	
1685	1359.158	
1686	1411.451	
1687	1463.744	
1688	1442.14	
1689	1404.643	
1690	1367.146	
1691	1329.648	
1692	1317.642	
1693	1367.443	
1694	1417.245	
1695	1467.047	
1696	1516.849	
1697	1494.958	
1698	1450.927	
1699	1406.896	
1700	1362.864	
1701	1334.309	
1702	1354.765	
1703	1375.221	
1704	1395.676	
1705	1416.132	
1706	1413.271	
1707	1401.252	
1708	1389.234	
1709	1377.215	
1710	1376.355	
1711	1420.144	
1712	1463.932	
1713	1507.721	
1714	1551.509	
1715	1545.157	
1716	1515.753	
1717	1486.35	
1718	1456.946	
1719	1427.595	
1720	1398.498	
1721	1369.401	
1722	1340.304	
1723	1311.207	
1724	1319.468	
1725	1346.72	
1726	1373.973	
1727	1401.225	
1728	1424.298	
1729	1424.92	
1730	1425.542	
1731	1426.163	
1732	1426.785	
1733	1415.748	
1734	1398.57	
1735	1381.392	
1736	1364.215	
1737	1357.76	
1738	1409.749	
1739	1461.739	
1740	1513.728	
1741	1565.718	
1742	1565.004	
1743	1536.893	
1744	1508.782	
1745	1480.672	
1746	1450.255	
1747	1408.171	
1748	1366.088	
1749	1324.005	
1750	1281.921	
1751	1305.36	
1752	1360.498	
1753	1415.636	
1754	1470.774	
1755	1513.577	
1756	1502.761	
1757	1491.945	
1758	1481.129	
1759	1470.312	
1760	1464.401	
1761	1460.563	
1762	1456.725	
1763	1452.886	
1764	1447.589	
1765	1437.183	
1766	1426.777	
1767	1416.37	
1768	1405.964	
1769	1421.805	
1770	1446.677	
1771	1471.548	
1772	1496.42	
1773	1511.634	
1774	1500.61	
1775	1489.586	
1776	1478.562	
1777	1467.538	
1778	1455.81	
1779	1443.903	
1780	1431.997	
1781	1420.09	
1782	1426.663	
1783	1470.932	
1784	1515.2	
1785	1559.469	
1786	1603.737	
1787	1596.88	
1788	1581.909	
1789	1566.938	
1790	1551.967	
1791	1541.975	
1792	1539.419	
1793	1536.863	
1794	1534.307	
1795	1531.751	
1796	1496.903	
1797	1460.032	
1798	1423.16	
1799	1386.289	
1800	1388.407	
1801	1431.928	
1802	1475.45	
1803	1518.971	
1804	1561.994	
1805	1589.949	
1806	1617.905	
1807	1645.86	
1808	1673.816	
1809	1784.642	
1810	1954.981	
1811	2125.32	
1812	2295.659	
1813	2560.931	
1814	3434.429	
1815	4307.927	
1816	5181.426	
1817	6054.924	
1818	6850.061	
1819	7610.163	
1820	8370.265	
1821	9130.366	
1822	9719.38	
1823	9797.794	
1824	9876.208	
1825	9954.622	
1826	10033.04	
1827	10591.49	
1828	11260.38	
1829	11929.26	
1830	12598.14	
1831	12775.63	
1832	12148.06	
1833	11520.49	
1834	10892.92	
1835	10265.35	
1836	9062.454	
1837	7827.376	
1838	6592.298	
1839	5357.22	
1840	4562.682	
1841	4176.358	
1842	3790.035	
1843	3403.711	
1844	3059.675	
1845	3123.244	
1846	3186.812	
1847	3250.381	
1848	3313.949	
1849	3902.712	
1850	4747.823	
1851	5592.935	
1852	6438.045	
1853	7396.054	
1854	8687.309	
1855	9978.563	
1856	11269.82	
1857	12561.07	
1858	12383.6	
1859	11920.18	
1860	11456.76	
1861	10993.34	
1862	10231.9	
1863	9067.329	
1864	7902.757	
1865	6738.186	
1866	5582.804	
1867	5030.286	
1868	4477.767	
1869	3925.249	
1870	3372.73	
1871	3156.88	
1872	3157.175	
1873	3157.47	
1874	3157.765	
1875	3161.368	
1876	3177.8	
1877	3194.232	
1878	3210.665	
1879	3227.097	
1880	3637.963	
1881	4144.343	
1882	4650.723	
1883	5157.103	
1884	5927.732	
1885	7081.85	
1886	8235.967	
1887	9390.084	
1888	10552.09	
1889	12268.17	
1890	13984.25	
1891	15700.34	
1892	17416.42	
1893	18462.31	
1894	19102.73	
1895	19743.15	
1896	20383.57	
1897	20581.56	
1898	19339.16	
1899	18096.77	
1900	16854.38	
1901	15611.99	
1902	14554.61	
1903	13529.88	
1904	12505.16	
1905	11480.43	
1906	10694.2	
1907	10177.99	
1908	9661.779	
1909	9145.569	
1910	8652.146	
1911	8389.22	
1912	8126.294	
1913	7863.369	
1914	7600.443	
1915	7550.139	
1916	7584.602	
1917	7619.063	
1918	7653.525	
1919	7758.849	
1920	8000.482	
1921	8242.115	
1922	8483.748	
1923	8725.382	
1924	9336.556	
1925	9957.977	
1926	10579.4	
1927	11200.82	
1928	12025.87	
1929	12982.72	
1930	13939.58	
1931	14896.43	
1932	15805.95	
1933	16568.82	
1934	17331.69	
1935	18094.56	
1936	18857.43	
1937	18945.43	
1938	18944.91	
1939	18944.38	
1940	18943.85	
1941	18776.45	
1942	18459.84	
1943	18143.24	
1944	17826.63	
1945	17555.54	
1946	17500.54	
1947	17445.56	
1948	17390.57	
1949	17335.58	
1950	17165.28	
1951	16970.34	
1952	16775.4	
1953	16580.46	
1954	16082.93	
1955	15252.25	
1956	14421.56	
1957	13590.87	
1958	12704.98	
1959	11455.94	
1960	10206.9	
1961	8957.866	
1962	7708.829	
1963	6839.014	
1964	6069.387	
1965	5299.761	
1966	4530.135	
1967	3920.69	
1968	3505.427	
1969	3090.164	
1970	2674.901	
1971	2293.997	
1972	2172.545	
1973	2051.093	
1974	1929.641	
1975	1808.189	
1976	1803.643	
1977	1830.925	
1978	1858.206	
1979	1885.487	
1980	1885.446	
1981	1852.945	
1982	1820.445	
1983	1787.944	
1984	1756.763	
1985	1734.343	
1986	1711.923	
1987	1689.503	
1988	1667.083	
1989	1648.849	
1990	1631.604	
1991	1614.358	
1992	1597.112	
1993	1599.347	
1994	1621.937	
1995	1644.527	
1996	1667.117	
1997	1682.737	
1998	1665.027	
1999	1647.317	
2000	1629.607	
2001	1611.897	
2002	1633.456	
2003	1661.46	
2004	1689.464	
2005	1717.469	
2006	1760.358	
2007	1815.477	
2008	1870.597	
2009	1925.716	
2010	1971.148	
2011	1986.227	
2012	2001.307	
2013	2016.386	
2014	2031.465	
2015	2038.288	
2016	2044.566	
2017	2050.843	
2018	2057.121	
2019	2053.5	
2020	2044.238	
2021	2034.976	
2022	2025.713	
2023	2032.637	
2024	2070.984	
2025	2109.332	
2026	2147.68	
2027	2191.14	
2028	2342.992	
2029	2494.844	
2030	2646.697	
2031	2798.549	
2032	2890.364	
2033	2962.594	
2034	3034.824	
2035	3107.054	
2036	3306.971	
2037	3653.816	
2038	4000.661	
2039	4347.506	
2040	4711.211	
2041	5151.695	
2042	5592.18	
2043	6032.664	
2044	6473.148	
2045	7152.658	
2046	7859.333	
2047	8566.009	
2048	9272.684	
2049	9744.913	
2050	10072.78	
2051	10400.64	
2052	10728.5	
2053	10952.85	
2054	10978.95	
2055	11005.04	
2056	11031.13	
2057	11026.36	
2058	10611.84	
2059	10197.32	
2060	9782.802	
2061	9368.284	
2062	8912.458	
2063	8446.309	
2064	7980.16	
2065	7514.011	
2066	7205.959	
2067	7036.452	
2068	6866.945	
2069	6697.438	
2070	6590.772	
2071	6653.997	
2072	6717.222	
2073	6780.446	
2074	6845.258	
2075	7084.107	
2076	7322.956	
2077	7561.805	
2078	7800.654	
2079	8116.119	
2080	8456.856	
2081	8797.595	
2082	9138.333	
2083	9551.724	
2084	10038.62	
2085	10525.52	
2086	11012.42	
2087	11459.67	
2088	11785.44	
2089	12111.22	
2090	12436.99	
2091	12762.76	
2092	12944.95	
2093	13126.85	
2094	13308.75	
2095	13490.66	
2096	13465.7	
2097	13372.87	
2098	13280.03	
2099	13187.2	
2100	13056.33	
2101	12889.06	
2102	12721.79	
2103	12554.51	
2104	12399.25	
2105	12275.97	
2106	12152.69	
2107	12029.41	
2108	11905.35	
2109	11761.13	
2110	11616.91	
2111	11472.69	
2112	11328.47	
2113	11114.35	
2114	10883.19	
2115	10652.02	
2116	10420.86	
2117	10222.79	
2118	10049.19	
2119	9875.598	
2120	9702.002	
2121	9531.37	
2122	9366.294	
2123	9201.218	
2124	9036.142	
2125	8858.969	
2126	8597.119	
2127	8335.269	
2128	8073.418	
2129	7811.568	
2130	7672.205	
2131	7545.694	
2132	7419.184	
2133	7292.673	
2134	7220.334	
2135	7172.563	
2136	7124.792	
2137	7077.021	
2138	7037.061	
2139	7005.764	
2140	6974.466	
2141	6943.168	
2142	6939.864	
2143	7015.03	
2144	7090.197	
2145	7165.363	
2146	7242.523	
2147	7353.992	
2148	7465.461	
2149	7576.93	
2150	7688.399	
2151	7747.876	
2152	7798.255	
2153	7848.634	
2154	7899.013	
2155	7970.107	
2156	8052.409	
2157	8134.71	
2158	8217.011	
2159	8219.042	
2160	8123.333	
2161	8027.624	
2162	7931.915	
2163	7817.861	
2164	7650.181	
2165	7482.5	
2166	7314.819	
2167	7143.105	
2168	6911.401	
2169	6679.697	
2170	6447.994	
2171	6216.29	
2172	6083.976	
2173	5965.989	
2174	5848.001	
2175	5730.014	
2176	5559.405	
2177	5364.933	
2178	5170.46	
2179	4975.987	
2180	4868.805	
2181	4847.226	
2182	4825.646	
2183	4804.067	
2184	4768.768	
2185	4704.966	
2186	4641.164	
2187	4577.362	
2188	4548.585	
2189	4721.521	
2190	4894.455	
2191	5067.39	
2192	5240.324	
2193	5243.772	
2194	5242.717	
2195	5241.662	
2196	5240.607	
2197	5236.426	
2198	5231.484	
2199	5226.542	
2200	5221.599	
2201	5254.928	
2202	5310.163	
2203	5365.397	
2204	5420.632	
2205	5438.574	
2206	5414.787	
2207	5390.999	
2208	5367.212	
2209	5319.048	
2210	5216.642	
2211	5114.236	
2212	5011.83	
2213	4916.874	
2214	4863.444	
2215	4810.015	
2216	4756.586	
2217	4703.157	
2218	4557.597	
2219	4411.768	
2220	4265.938	
2221	4120.108	
2222	4048.866	
2223	3991.309	
2224	3933.752	
2225	3876.195	
2226	3724.443	
2227	3531.559	
2228	3338.674	
2229	3145.789	
2230	3049.494	
2231	3032.212	
2232	3014.93	
2233	2997.648	
2234	2950.85	
2235	2861.044	
2236	2771.238	
2237	2681.432	
